GeneID:exonNumber	pval	adjp	Mock_control1	Mock_control2	METTL3_KD1	METTL3_KD2	log2FC
ENSG00000001461:E018	0.000158771858317031	0.040444148706432	2.51486685936587	0	12.1542413195592	10.2080399780324	4.29464897610605
ENSG00000003096:E008	5.31667440429873e-05	0.0169219295840457	7.54460057809761	8.62375102950265	33.8582436759148	25.9841017622643	2.42498952045497
ENSG00000003393:E018	0.00019760930800139	0.0475459185974848	17.6040680155611	16.2893075001717	3.47264037701691	0	-3.47753971147249
ENSG00000003436:E005	5.58773983783123e-06	0.00265638358020578	86.7629066481226	77.6137592655239	18.2313619793388	22.272087224798	-1.68285893377702
ENSG00000006453:E010	6.0633142684452e-07	0.000381887336647362	62.8716714841468	83.3629266185256	19.099522073593	18.5600726873317	-1.90385864199687
ENSG00000006611:E008	6.86677202738073e-05	0.0208257039104093	31.4358357420734	29.7040313238425	0	0	-31.2081185036039
ENSG00000007202:E036	7.37257446425943e-07	0.000443656333852736	178.555547014977	116.899736177703	22.5721624506099	21.3440835904314	-1.75713154364756
ENSG00000008294:E035	0.000165863373933539	0.0417694808821662	118.198742390196	111.150568824701	47.7488051839825	42.6881671808629	-1.10273895278558
ENSG00000008838:E024	3.97652488336453e-05	0.0134869999786509	28.9209688827075	32.5786150003434	6.94528075403381	8.35203270929925	-2.42510563107046
ENSG00000010017:E011	2.02899723689143e-08	2.00953154465e-05	44.0101700389027	47.9097279416814	6.94528075403381	3.71201453746633	-3.15322413763907
ENSG00000010292:E002	1.7922108241919e-10	2.86389265467801e-07	57.841937765415	85.2793157361929	8.68160094254227	5.5680218061995	-2.99789297746956
ENSG00000012983:E007	3.08519560288101e-06	0.00158133322224433	155.921745280684	169.600436913552	101.574731027745	103.008403414691	-1.06750533593113
ENSG00000012983:E008	1.05584500658118e-05	0.00458395832788731	67.9014052028785	96.7776504421964	39.0672042414402	41.7601635464963	-1.42419406627037
ENSG00000015479:E018	0	0	309.328623702002	343.991846621273	60.7712065977959	41.7601635464963	-2.40725036394962
ENSG00000023287:E005	1.41104593952557e-05	0.00585855182900225	85.5054732184396	42.1605605886796	12.1542413195592	14.8480581498653	-2.35792710464013
ENSG00000023287:E006	0.000155070337167218	0.0397946898448635	75.4460057809761	38.3277823533451	18.2313619793388	17.6320690529651	-1.78227955169741
ENSG00000023839:E018	3.48661282678631e-06	0.00177749952256308	196.159615030538	184.93154985489	54.6940859380163	64.0322507712943	-1.14070016124326
ENSG00000023909:E004	1.93567018637042e-05	0.00746619008721757	59.099371195098	49.8261170593487	72.0572878231008	86.3043379960923	-1.30541206032557
ENSG00000029725:E004	1.88913130694246e-08	1.88080330400819e-05	177.298113585294	156.185713089881	249.161947050963	273.761072138142	1.0524204230767
ENSG00000029725:E005	2.34892129080677e-08	2.31433251200639e-05	148.377144702586	123.607098089538	225.721624506099	220.864864979247	1.11885639677719
ENSG00000035687:E010	8.33315014341363e-05	0.0241557189782202	56.5845043357321	50.7843116181823	30.3856032988979	31.5521235684638	-1.5211097426225
ENSG00000039319:E014	0.000210776461138762	0.049728077291842	20.118934874927	14.3729183825044	49.4851253724909	41.7601635464963	1.67623087218076
ENSG00000044459:E005	6.40331378809478e-07	0.000398586157693645	111.911575241781	100.610428677531	26.0448028276268	19.4880763216983	-1.62314356544395
ENSG00000048052:E033	0.000207229554355148	0.0492526133905131	31.4358357420734	28.7458367650088	9.54976103679649	6.49602544056609	-2.08466607404096
ENSG00000050393:E005	1.66538893786594e-10	2.70672674911719e-07	101.852107804318	84.3211211773593	28.6492831103895	21.3440835904314	-2.16141183990142
ENSG00000050748:E012	1.52062901759287e-06	0.000833313466073269	103.109541234001	85.2793157361929	14.7587216023219	15.7760617842319	-1.78448351869586
ENSG00000051108:E004	1.01697983367899e-10	1.69637588783096e-07	76.7034392106591	86.2375102950265	11.2860812253049	12.0640472467656	-2.64442924005621
ENSG00000054267:E017	2.05197108316124e-05	0.00785554411137671	52.8122040466833	56.5334789711841	18.2313619793388	8.35203270929925	-1.91362209720162
ENSG00000055044:E003	0.000118821772608357	0.0322784437652286	176.040680155611	87.1957048538602	42.5398446184571	40.8321599121297	-1.81943573663172
ENSG00000057252:E005	7.78153370628587e-08	6.51859421374409e-05	89.2777735074884	67.073619118354	182.313619793388	219.008857710514	1.24693295324218
ENSG00000058272:E002	0.000184787814369702	0.0453990713241781	56.5845043357321	39.2859769121788	7.81344084828804	16.7040654185985	-1.84342504120463
ENSG00000063601:E011	9.49095809137379e-05	0.0269370389364098	75.4460057809761	67.073619118354	44.2761648069656	32.4801272028304	-1.32237545828209
ENSG00000064205:E011	2.00340177780589e-09	2.5740734815136e-06	155.921745280684	188.764328090225	314.27395412003	306.241199340973	1.06461172945376
ENSG00000065325:E003	7.18868187199462e-10	1.00513629956967e-06	22.6338017342928	12.4565292648372	43.4080047127113	51.9682035245287	2.76790860215044
ENSG00000065328:E001	0.000141655509216965	0.0372416403387371	0	0	9.54976103679649	7.42402907493267	33.6814841612115
ENSG00000066697:E020	2.20860796822375e-05	0.00838292363316352	59.099371195098	41.202366029846	168.42305828532	186.528730507683	1.03337494483503
ENSG00000067177:E001	7.96197996422165e-10	1.10513444236238e-06	196.159615030538	189.722522649058	79.0025685771346	72.3842834805935	-1.39347406147353
ENSG00000068400:E005	3.83527900993386e-07	0.000265203267625819	38.980436320171	23.9548639708407	98.1020906507276	98.3683852428579	1.65056528891861
ENSG00000068400:E027	1.7240594837431e-05	0.0068406139682549	0	0	11.2860812253049	16.7040654185985	29.3484834406816
ENSG00000070159:E001	0.000143235348228354	0.0375687549633206	130.773076687025	159.060296766382	75.5299282001177	49.1841926214289	-1.07710784449684
ENSG00000070961:E017	3.27311299841426e-07	0.000230521711686096	11.3169008671464	9.58194558833628	43.4080047127113	39.9041562777631	2.65314468751668
ENSG00000071082:E019	1.68233268427187e-07	0.000128995572006359	164.723779288465	177.265993384221	78.1344084828804	63.1042471369277	-1.26443573420584
ENSG00000071462:E009	1.11022302462516e-16	4.49186787056746e-13	269.090753952148	245.297807061409	73.7936080116093	72.3842834805935	-1.79597834369511
ENSG00000072506:E008	3.4868402609689e-09	4.25032416888029e-06	38.980436320171	37.3695877945115	7.81344084828804	3.71201453746633	-3.43919088504756
ENSG00000072518:E008	3.30613088850296e-06	0.00169001945563426	27.6635354530246	38.3277823533451	3.47264037701691	2.78401090309975	-3.13758673031056
ENSG00000072756:E006	6.45144299016298e-05	0.0198189579341424	12.5743342968294	18.2056966178389	53.8259258437621	38.0481490090299	1.84974945804653
ENSG00000074696:E005	1.74250800233366e-07	0.000132540734683106	94.3075072262202	126.481681766039	21.7040023563557	12.9920508811322	-2.26537116818093
ENSG00000075292:E018	0.000127025325446728	0.0340689447620577	33.9507026014393	25.871253088508	58.1667263150332	55.680218061995	1.46144745970092
ENSG00000076706:E016	6.11833694348363e-05	0.019010632622532	46.5250368982686	56.5334789711841	97.2339305564734	103.008403414691	1.19630685334034
ENSG00000077232:E011	3.11984605927407e-08	2.92248121645043e-05	140.832544124489	80.4883429420248	46.012484995474	46.4001817183292	-1.66013012187646
ENSG00000077942:E026	0.000188752291887417	0.0460827478728331	119.456175819879	127.439876324873	36.4627239586775	38.9761526433965	-1.10375847559779
ENSG00000077942:E027	1.11022302462516e-16	4.49186787056746e-13	1104.02655126162	1205.4087550127	376.781480906334	327.585282931404	-1.10637360607521
ENSG00000078369:E009	0	0	109.396708382415	132.230849119041	24.3084826391183	28.7681126653641	-2.77342904166336
ENSG00000079785:E020	0	0	178.555547014977	206.01183014923	27.7811230161353	20.4160799560648	-2.98505556966171
ENSG00000084623:E001	0	0	54.0696374763662	73.7809810301894	2.60448028276268	1.85600726873317	-4.9779048972267
ENSG00000084754:E019	4.02696688639459e-06	0.00200460724917022	37.7230028904881	40.2441714710124	6.94528075403381	2.78401090309975	-2.774387294364
ENSG00000085832:E007	0.000198983277496456	0.0477755834370847	26.4061020233416	11.4983347060035	1.73632018850845	0	-4.24405774972033
ENSG00000088448:E005	7.37192686006694e-07	0.000443656333852736	109.396708382415	114.025152501202	43.4080047127113	51.0401998901621	-1.40651624935207
ENSG00000089157:E009	6.48006886780905e-05	0.0198747892865296	16.3466345858782	16.2893075001717	0.868160094254227	0.928003634366584	-4.27477474524543
ENSG00000089177:E006	3.90021348550817e-12	8.42791813610527e-09	1.25743342968294	5.74916735300177	55.5622460322705	54.7522144276284	4.06911976519115
ENSG00000089280:E010	1.68163005742628e-08	1.70093302372375e-05	128.258209827659	153.311129413381	74.6617681058635	62.1762435025611	-1.45401273633988
ENSG00000089693:E005	1.02303919594648e-05	0.00446190567483467	163.466345858782	152.352934854547	78.1344084828804	56.6082216963616	-1.20815950587147
ENSG00000092377:E014	7.0336459717546e-05	0.0210962784021595	3.77230028904881	2.87458367650088	28.6492831103895	25.9841017622643	2.44708825927215
ENSG00000092841:E007	1.32474659542137e-06	0.000754225039198013	81.7331729293908	68.0318136771876	23.4403225448641	17.6320690529651	-1.83271358579801
ENSG00000092841:E008	6.05165030487242e-06	0.00282744402622587	75.4460057809761	60.3662572065186	20.8358422621014	17.6320690529651	-1.78613941789181
ENSG00000095319:E002	2.15962675742531e-07	0.000159174536797862	59.099371195098	68.0318136771876	12.1542413195592	6.49602544056609	-2.40318349617633
ENSG00000096063:E006	4.43913175789401e-05	0.0146330428208237	27.6635354530246	28.7458367650088	4.34080047127113	4.64001817183292	-2.73887048789623
ENSG00000099290:E011	6.06495523025607e-07	0.000381887336647362	91.7926403668543	68.0318136771876	22.5721624506099	27.8401090309975	-1.80658014771153
ENSG00000100345:E009	5.93234066026405e-06	0.00279587209063954	157.179178710367	175.349604266554	63.3756868805586	80.7363161898928	-1.11119327244743
ENSG00000100503:E001	0	0	705.420154052127	739.726199419561	333.373476193623	289.537133922374	-1.17113296596836
ENSG00000100503:E019	8.18897616383651e-10	1.12840531113248e-06	157.179178710367	169.600436913552	337.714276664894	341.505337446903	1.09854505860332
ENSG00000100836:E001	5.7447557821888e-09	6.78516316788484e-06	57.841937765415	79.5301483831911	171.027538568083	153.120599670486	1.43986534755146
ENSG00000100836:E008	1.46549439250521e-14	4.80474970155181e-11	427.527366092198	466.640750151977	164.082257814049	157.760617842319	-1.27287882400555
ENSG00000100865:E005	7.13928777495987e-06	0.00328714935765331	18.861501445244	19.1638911766726	1.73632018850845	1.85600726873317	-3.98297359660115
ENSG00000101019:E006	5.96766150733341e-05	0.018603255359205	123.228476108928	127.439876324873	287.360991198149	261.697024891377	1.08344663356569
ENSG00000101474:E006	1.58659140155892e-05	0.00644664631918038	150.892011561952	121.690708971871	56.4304061265247	57.5362253307282	-1.14215149041771
ENSG00000101558:E009	2.88657986402541e-15	1.05558894958335e-11	861.341899332811	931.365111186287	585.139903527349	541.954122470085	-1.0024722292525
ENSG00000102471:E010	0	0	531.894340755882	562.46020603534	195.336021207201	186.528730507683	-1.36079358958278
ENSG00000103319:E005	2.29362790449272e-05	0.00865380347346284	23.8912351639758	11.4983347060035	0	0	-33.4216194435845
ENSG00000103544:E015	0.000114386206768957	0.0314782233093652	18.861501445244	14.3729183825044	0.868160094254227	0	-4.73840328178592
ENSG00000103978:E005	4.77941375143232e-07	0.000316670299702044	95.5649406559031	110.192374265867	61.6393666920501	51.9682035245287	-1.44636490842832
ENSG00000104341:E006	0.000141336454784313	0.0372416403387371	533.151774185565	382.319628974618	199.676821678472	235.712923129112	-1.0387470304122
ENSG00000104419:E011	3.12548518641709e-05	0.0110677097221359	120.713609249562	116.899736177703	51.2214455609994	69.6002725774938	-1.08768379353196
ENSG00000104823:E010	9.27858336030596e-06	0.00410324849913735	31.4358357420734	35.4531986768442	67.7164873518297	79.8083125555262	1.52985198826278
ENSG00000105372:E001	0	0	330.704992006612	323.869760885766	36.4627239586775	37.1201453746634	-3.18797354384782
ENSG00000105402:E008	4.11922747145521e-06	0.00203985431645047	75.4460057809761	77.6137592655239	20.8358422621014	25.9841017622643	-1.65444021753508
ENSG00000106355:E017	8.6603628441928e-05	0.0249520799655457	1.25743342968294	4.79097279416814	31.2537633931522	36.1921417402968	2.81058815420933
ENSG00000106443:E019	1.3658518760451e-11	2.67760475304107e-08	15.0892011561952	29.7040313238425	104.179211310507	101.152396145958	2.3421817089835
ENSG00000107937:E009	0.000207466124621636	0.0492526133905131	59.099371195098	64.1990354418531	36.4627239586775	38.9761526433965	-1.31101041783939
ENSG00000108883:E022	0	0	0	0	71.1891277288466	68.6722689431272	37.1895817416068
ENSG00000109917:E008	9.88215835880935e-05	0.0277983945147111	37.7230028904881	24.9130585296743	13.8905615080676	9.28003634366584	-2.12037760196698
ENSG00000110330:E005	2.95993846423093e-05	0.0105601496900793	76.7034392106591	67.073619118354	22.5721624506099	27.8401090309975	-1.53152347369404
ENSG00000110721:E010	0.000166060473642538	0.0417694808821662	38.980436320171	32.5786150003434	13.8905615080676	12.0640472467656	-1.92855302878726
ENSG00000111144:E012	4.70157246468261e-12	9.8246331509793e-09	37.7230028904881	25.871253088508	0	0	-36.7533515314869
ENSG00000111799:E015	2.60358401504845e-12	5.75688754806493e-09	254.001552795953	255.837947208579	79.8707286713889	77.952305286793	-1.54110432827295
ENSG00000111799:E019	0	0	132.030510116708	123.607098089538	7.81344084828804	14.8480581498653	-3.34518854476624
ENSG00000111799:E021	0	0	109.396708382415	100.610428677531	7.81344084828804	9.28003634366584	-3.46830219252609
ENSG00000111799:E026	7.31539536331649e-05	0.021735639867149	150.892011561952	110.192374265867	52.0896056552536	57.5362253307282	-1.10129206170621
ENSG00000112200:E009	4.69776059497384e-07	0.000312407045704385	215.021116475782	205.053635590396	110.256331970287	115.072450661456	-1.06636972564098
ENSG00000112249:E045	2.48370402022857e-09	3.10721177025411e-06	196.159615030538	207.928219266897	72.925447917355	64.0322507712943	-1.41105474216577
ENSG00000112249:E046	2.35415856487675e-05	0.00884707676639987	65.3865383435127	75.6973701478566	24.3084826391183	16.7040654185985	-1.63252519409534
ENSG00000112414:E012	4.36733228724728e-05	0.0144683479630378	56.5845043357321	29.7040313238425	8.68160094254227	11.136043612399	-2.1104884933904
ENSG00000112701:E014	4.52911519510657e-07	0.000306493767712126	0	0	16.4950417908303	25.0560981278978	31.1642739647019
ENSG00000112992:E024	2.85038528335946e-08	2.7374927510761e-05	262.803586803734	287.458367650088	90.2886498024396	59.3922325994614	-1.41331156047409
ENSG00000113360:E004	8.53808533674005e-06	0.00382020054462074	93.0500737965372	81.4465375008584	36.4627239586775	32.4801272028304	-1.47295943805026
ENSG00000113594:E020	8.85997339383771e-07	0.000521608303599192	0	0	32.1219234874064	31.5521235684638	36.3988866216906
ENSG00000113971:E008	1.01726246426459e-07	8.19663541015364e-05	96.822374085586	107.317790589366	15.6268816965761	11.136043612399	-1.98173736015245
ENSG00000114346:E004	7.59113770953945e-07	0.000452512716166333	134.545376976074	115.941541618869	31.2537633931522	45.4721780839626	-1.46282535780951
ENSG00000115020:E040	1.51531796610538e-06	0.000833313466073269	44.0101700389027	22.9966694120071	6.07712065977959	3.71201453746633	-3.16182776126103
ENSG00000115295:E024	2.59270016567115e-09	3.22237044512218e-06	0	4.79097279416814	46.8806450897282	46.4001817183292	4.02483967217241
ENSG00000115419:E009	9.47931888306552e-06	0.00418229308623196	98.079807515269	91.0284830891947	19.099522073593	20.4160799560648	-1.57710643997811
ENSG00000115641:E001	6.02295990859147e-13	1.43164251287242e-09	85.5054732184396	93.9030667656956	220.512663940574	208.800817732481	1.55420877688745
ENSG00000115942:E012	2.62985318078002e-07	0.000189427129223775	13.8317677265123	24.9130585296743	0	0	-37.2425286865987
ENSG00000116754:E006	0	0	778.351292973737	774.221203537572	249.161947050963	238.496934032212	-1.2674892887316
ENSG00000116754:E011	7.12327854257566e-07	0.000434748562909371	206.219082468001	211.760997502232	75.5299282001177	67.7442653087606	-1.14142799948557
ENSG00000116898:E005	4.14506207135901e-11	7.50682584157606e-08	91.7926403668543	151.394740295713	51.2214455609994	32.4801272028304	-2.22542845118936
ENSG00000117143:E012	7.1330972994943e-07	0.000434748562909371	103.109541234001	132.230849119041	88.5523296139311	82.592323458626	-1.26477163337576
ENSG00000117523:E012	7.15045994637009e-08	6.04318738880819e-05	91.7926403668543	117.857930736536	49.4851253724909	60.3202362338279	-1.56538311083477
ENSG00000117528:E013	0.000118557849760004	0.0322528234544532	103.109541234001	77.6137592655239	27.7811230161353	24.1280944935312	-1.32819231226231
ENSG00000117868:E003	2.32036612146658e-14	7.23338001517773e-11	159.694045569733	164.809464119384	28.6492831103895	30.6241199340973	-2.20101373604494
ENSG00000119125:E025	3.11260595076135e-09	3.84342157392777e-06	96.822374085586	122.648903530704	59.0348864092874	56.6082216963616	-1.67544447292069
ENSG00000119977:E010	7.07053937620827e-09	8.05101572874858e-06	0	0	25.1766427333726	24.1280944935312	36.04503443294
ENSG00000120029:E016	4.98763906991995e-05	0.0160752452586074	11.3169008671464	16.2893075001717	0	0	-33.4109467029739
ENSG00000121644:E008	0.000170846062661378	0.0426908614764289	15.0892011561952	14.3729183825044	2.60448028276268	1.85600726873317	-3.49836910149501
ENSG00000122497:E015	0	0	80.4757394997079	55.5752844123504	0	0	-34.398332414092
ENSG00000122497:E018	3.05216784068918e-08	2.89467933345621e-05	165.981212718148	65.1572300006867	4.34080047127113	5.5680218061995	-4.14494374961917
ENSG00000123562:E013	6.94493969163323e-05	0.0209292526447162	46.5250368982686	54.6170898535168	13.8905615080676	15.7760617842319	-1.79475614767544
ENSG00000123983:E003	1.92975040750332e-05	0.00745848532500032	70.4162720622444	43.1187551475133	22.5721624506099	23.2000908591646	-1.7421419510479
ENSG00000124532:E012	1.23674158691855e-08	1.30653503714033e-05	55.3270709060492	63.2408408830195	91.1568098966938	100.224392511591	1.64813777166904
ENSG00000126214:E011	1.35368759979215e-07	0.000105931903951142	91.7926403668543	127.439876324873	52.9577657495078	50.1121962557955	-1.50374347074649
ENSG00000126226:E017	3.05813464713811e-05	0.010849417317733	69.1588386325615	72.8227864713557	40.8035244299487	34.3361344715636	-1.42569294495654
ENSG00000126226:E018	1.23249500568745e-05	0.00520819522870032	52.8122040466833	72.8227864713557	29.5174432046437	28.7681126653641	-1.61568710449299
ENSG00000127022:E019	0	0	739.370856653566	638.157576183196	137.169294892168	152.19259603612	-2.01473362721301
ENSG00000128422:E006	3.39822488149011e-07	0.000237573399637646	71.6737054919273	362.197543239111	2.60448028276268	1.85600726873317	-8.07787614307743
ENSG00000129810:E004	1.63925279617061e-06	0.000890620094897745	137.06024383544	149.478351178046	87.6841695196769	67.7442653087606	-1.07268938067873
ENSG00000130066:E007	3.88578058618805e-15	1.3683560457562e-11	304.29888998327	317.162398973931	223.117144223336	209.728821366848	-1.38943306233981
ENSG00000130066:E008	6.66133814775094e-16	2.53341347900005e-12	287.952255397392	280.751005738253	201.413141866981	167.040654185985	-1.49381409840302
ENSG00000130177:E008	5.2220006097059e-11	9.19449251796717e-08	47.7824703279516	34.4950041180106	1.73632018850845	0	-5.35442701802309
ENSG00000130508:E020	7.73370474204116e-05	0.0227651056708524	160.951478999416	145.645572942711	65.9801671633212	62.1762435025611	-1.01061170093101
ENSG00000131467:E009	6.62549722751926e-07	0.000409055617464483	125.743342968294	123.607098089538	38.199044147186	41.7601635464963	-1.42828845961753
ENSG00000131885:E005	4.22176071879221e-10	6.27188730284445e-07	71.6737054919273	362.197543239111	2.60448028276268	1.85600726873317	-7.13988812912264
ENSG00000132680:E013	8.3739096588209e-05	0.0242369240928777	77.960872640342	106.359596030533	42.5398446184571	34.3361344715636	-1.24736473542681
ENSG00000132780:E018	1.49216181204448e-05	0.00614169926092541	143.347410983855	172.475020590053	50.3532854667451	60.3202362338279	-1.11157772018498
ENSG00000132842:E007	1.60102858748346e-08	1.63681932332623e-05	123.228476108928	134.147238236708	50.3532854667451	38.0481490090299	-1.60528514908481
ENSG00000132849:E045	0	0	452.676034685857	527.007007358495	65.9801671633212	58.4642289650948	-1.60667609815972
ENSG00000133131:E006	6.33774923057828e-05	0.0195900930576622	31.4358357420734	28.7458367650088	57.298566220779	62.1762435025611	1.50179736602673
ENSG00000133131:E007	1.03619074431904e-08	1.13241356067943e-05	7.54460057809761	3.83277823533451	39.0672042414402	41.7601635464963	3.34214666005913
ENSG00000133318:E005	6.24832281470589e-08	5.35211067476956e-05	27.6635354530246	53.6588952946832	57.298566220779	71.4562798462269	2.67558033973744
ENSG00000134046:E006	0.000157385758292827	0.040280162887547	0	0	13.0224014138134	9.28003634366584	36.149866110406
ENSG00000134248:E004	6.76391202527604e-05	0.0205793917264391	93.0500737965372	91.0284830891947	46.012484995474	55.680218061995	-1.14976128233936
ENSG00000134802:E010	2.91436206278917e-08	2.78487065897418e-05	75.4460057809761	79.5301483831911	45.1443249012198	25.0560981278978	-2.02336149647424
ENSG00000135387:E019	0	0	306.813756842636	310.455037062096	1191.98380941105	1123.81240121793	1.84944681239226
ENSG00000135829:E007	5.51494294676047e-10	7.88504151030134e-07	104.366974663684	125.523487207205	30.3856032988979	23.2000908591646	-2.00809535569474
ENSG00000135999:E005	6.45027541157361e-07	0.00039953468134007	16.3466345858782	12.4565292648372	78.1344084828804	59.3922325994614	2.07665120610149
ENSG00000136068:E006	6.93922230787791e-09	7.94908816639427e-06	65.3865383435127	68.0318136771876	148.455376117473	199.520781388816	1.45798076161192
ENSG00000136235:E006	3.60892427053727e-10	5.49012657149461e-07	67.9014052028785	73.7809810301894	480.960692216842	482.561889870624	1.2154091366735
ENSG00000136261:E006	5.97991206974235e-06	0.0028077237515014	77.960872640342	77.6137592655239	39.0672042414402	37.1201453746634	-1.50818598971656
ENSG00000136636:E012	0.000130571380360545	0.0348235519587664	163.466345858782	198.346273678561	39.9353643356944	24.1280944935312	-1.04322538227968
ENSG00000137420:E004	0	0	70.4162720622444	98.6940395598637	3.47264037701691	1.85600726873317	-5.65055670079896
ENSG00000137504:E001	1.39486552308554e-07	0.000108263199240368	277.892787959929	304.705869709094	90.2886498024396	90.9443561679252	-1.02911552092506
ENSG00000137878:E010	0.000154401223581013	0.0396765241536734	7.54460057809761	13.4147238236708	0	0	-33.3679431930456
ENSG00000138029:E006	1.0554408012009e-06	0.000611885084207373	64.1291049138297	51.7425061770159	19.099522073593	10.2080399780324	-2.13504406332665
ENSG00000138777:E010	8.99046680102877e-07	0.000527657156157416	95.5649406559031	62.2826463241858	18.2313619793388	15.7760617842319	-1.89170292401776
ENSG00000139218:E012	2.88697529996496e-05	0.0103386336928576	109.396708382415	105.401401471699	38.199044147186	28.7681126653641	-1.3149756323222
ENSG00000139625:E001	1.77327041939179e-11	3.37201556410704e-08	167.23864614783	156.185713089881	99.8384108392361	109.504428855257	-1.15595499584868
ENSG00000140299:E001	0	0	1437.2464101276	1474.66142604495	756.167442095432	760.962980180599	-1.11466803248268
ENSG00000140367:E010	1.56541446472147e-13	4.31414614177544e-10	1.25743342968294	1.91638911766726	49.4851253724909	52.8962071588953	5.08427922995386
ENSG00000141298:E010	2.00958754050795e-05	0.00771998277834164	1.25743342968294	3.83277823533451	30.3856032988979	23.2000908591646	3.32591023377606
ENSG00000141510:E011	1.77462109878235e-05	0.00694358845477888	0	0	18.2313619793388	22.272087224798	33.2659344561689
ENSG00000142794:E019	2.83172374437868e-11	5.33143488894615e-08	0	0	32.9900835816606	38.9761526433965	33.5617793350317
ENSG00000142794:E020	0.000147632754509353	0.0383518433497124	15.0892011561952	3.83277823533451	77.2662483886262	72.3842834805935	2.9595030910681
ENSG00000142794:E021	5.20978815643502e-11	9.19449251796717e-08	0	0	34.7264037701691	35.2641381059302	33.5216283970205
ENSG00000143420:E007	1.24621142364445e-05	0.00525448052987542	3.77230028904881	10.5401401471699	39.9353643356944	37.1201453746634	2.52105506505155
ENSG00000143569:E010	1.06616552253413e-08	1.15193126951163e-05	84.2480397887567	130.314460001373	15.6268816965761	19.4880763216983	-2.68214026527125
ENSG00000143624:E017	7.43682982085048e-07	0.000445608303750731	67.9014052028785	93.9030667656956	25.1766427333726	26.9121053966309	-1.74936199945341
ENSG00000143889:E011	5.37168175894776e-05	0.01705289248611	111.911575241781	116.899736177703	35.5945638644233	41.7601635464963	-1.19732986903947
ENSG00000144320:E009	3.85646173883814e-08	3.49208119682849e-05	42.7527366092198	36.4113932356779	0.868160094254227	1.85600726873317	-4.18616838723954
ENSG00000144320:E010	1.84117014621066e-05	0.00717445148899849	51.5547706170004	39.2859769121788	5.20896056552536	5.5680218061995	-2.39961280408351
ENSG00000144895:E009	0.000117242932571759	0.031986630662813	52.8122040466833	48.867922500515	158.005137154269	161.472632379786	1.01139878436345
ENSG00000144895:E010	1.75757866320847e-05	0.00690728753795172	26.4061020233416	22.9966694120071	112.860812253049	97.4403816084913	1.44953116435146
ENSG00000144895:E021	5.65962847787205e-06	0.00268384945659649	54.0696374763662	63.2408408830195	31.2537633931522	23.2000908591646	-1.74751091446016
ENSG00000145495:E011	0	0	59.099371195098	74.739175589023	0	0	-34.5983059617175
ENSG00000145730:E020	1.76056295764226e-07	0.000132851242420372	120.713609249562	134.147238236708	32.9900835816606	42.6881671808629	-1.53081958394982
ENSG00000145730:E026	3.75143659780974e-06	0.00188532059187979	222.56571705388	188.764328090225	86.8160094254227	83.5203270929925	-1.05096270362827
ENSG00000145734:E027	1.58211535939978e-05	0.00644222467907375	25.1486685936587	12.4565292648372	0	0.928003634366584	-5.05588220737935
ENSG00000146247:E032	0.000160413325935749	0.0407261378281577	22.6338017342928	48.867922500515	0	1.85600726873317	-4.58205463810593
ENSG00000146416:E004	5.09743407151042e-07	0.000334247540748372	12.5743342968294	9.58194558833628	52.0896056552536	51.9682035245287	2.26619313652313
ENSG00000148180:E012	7.90785323925292e-05	0.0231701318377482	47.7824703279516	37.3695877945115	21.7040023563557	14.8480581498653	-1.79651842449656
ENSG00000148180:E014	0.000117142073078114	0.031986630662813	50.2973371873174	50.7843116181823	20.8358422621014	30.6241199340973	-1.55051337224062
ENSG00000148180:E016	0.000177763100967843	0.0441870271292066	38.980436320171	45.9933388240142	13.8905615080676	25.0560981278978	-1.70208425495553
ENSG00000149483:E001	6.70151504692518e-05	0.0204550031828764	22.6338017342928	20.1220857355062	2.60448028276268	5.5680218061995	-2.92692532203536
ENSG00000150527:E001	3.56854931735651e-05	0.0124511596530253	26.4061020233416	29.7040313238425	2.60448028276268	4.64001817183292	-2.89076111934574
ENSG00000150540:E004	3.31045509409655e-05	0.0116145667856681	5.02973371873174	14.3729183825044	39.9353643356944	38.0481490090299	2.63404265681999
ENSG00000151835:E006	3.05972163161528e-08	2.89467933345621e-05	123.228476108928	133.189043677874	263.920668653285	219.93686134488	1.01857614473099
ENSG00000152042:E006	0	0	101.852107804318	107.317790589366	6.94528075403381	2.78401090309975	-3.94660514793335
ENSG00000152042:E007	7.66963836207335e-06	0.00347248355155987	171.010946436879	597.913404712184	21.7040023563557	20.4160799560648	-3.71087338397787
ENSG00000152042:E010	1.5090595439915e-11	2.92816066088097e-08	227.595450772611	419.689216769129	32.1219234874064	23.2000908591646	-3.06901921819306
ENSG00000152042:E011	4.42978986825437e-14	1.33707933613891e-10	237.654918210075	256.796141767412	49.4851253724909	57.5362253307282	-1.72847920255372
ENSG00000152556:E015	0.000146356088654986	0.0380722039759985	50.2973371873174	68.9900082360212	20.8358422621014	23.2000908591646	-1.49644086940742
ENSG00000152726:E006	5.56981615495999e-07	0.000359032237421994	91.7926403668543	68.0318136771876	22.5721624506099	27.8401090309975	-1.80842230301393
ENSG00000153246:E005	0.000183244906747038	0.0450782470597713	16.3466345858782	17.2475020590053	0	0.928003634366584	-4.56081679500316
ENSG00000153246:E008	8.97102549557438e-05	0.0256146851618216	35.2081360311222	28.7458367650088	2.60448028276268	3.71201453746633	-2.70877462581422
ENSG00000153246:E013	8.95785767927038e-05	0.0256146851618216	22.6338017342928	13.4147238236708	0.868160094254227	0	-4.73026465034937
ENSG00000153246:E014	0.000143590887759948	0.0376101322791407	12.5743342968294	12.4565292648372	0	0	-30.2810362526878
ENSG00000153815:E007	5.91624634239674e-05	0.0185036442759454	36.4655694608051	17.2475020590053	5.20896056552536	5.5680218061995	-2.6780928807598
ENSG00000153944:E005	0.000115621416792444	0.0316794653828333	115.68387553083	130.314460001373	64.2438469748128	68.6722689431272	-1.0225661912686
ENSG00000153944:E006	3.76319328098118e-05	0.0129637918102322	40.2378697498539	55.5752844123504	15.6268816965761	12.0640472467656	-1.9252609976498
ENSG00000153944:E012	0	0	75.4460057809761	77.6137592655239	323.823715156827	349.857370156202	2.00353943165249
ENSG00000154305:E035	0.000196159803937945	0.04739574709975	23.8912351639758	22.9966694120071	9.54976103679649	5.5680218061995	-2.40447405585527
ENSG00000154473:E011	0	0	839.965531028201	899.744690744777	286.492831103895	263.55303216011	-1.43855216764793
ENSG00000155363:E007	3.0087797507794e-05	0.0107142984990395	28.9209688827075	21.0802802943398	59.0348864092874	69.6002725774938	1.57552534782175
ENSG00000156232:E005	9.37325323610017e-05	0.0266599668717026	41.4953031795369	56.5334789711841	46.012484995474	45.4721780839626	-1.32567592210251
ENSG00000156508:E002	4.44089209850063e-16	1.723410529932e-12	1037.38257948842	1226.48903530704	440.157167786893	464.001817183292	-1.1072117792797
ENSG00000156531:E006	5.14097530512903e-06	0.00246868076280991	16.3466345858782	11.4983347060035	52.9577657495078	54.7522144276284	2.05872431516215
ENSG00000156970:E012	5.29406937411769e-05	0.0168911014101254	31.4358357420734	27.7876422061752	88.5523296139311	79.8083125555262	1.40361802133149
ENSG00000159086:E010	0.000115287978944556	0.0316348217895222	76.7034392106591	78.5719538243575	46.012484995474	36.1921417402968	-1.25924645886841
ENSG00000159131:E025	0.000157944543055066	0.040314655594987	35.2081360311222	22.9966694120071	6.94528075403381	6.49602544056609	-2.35145869523796
ENSG00000159186:E006	7.38081456520545e-05	0.021861696823837	133.287943546391	112.108763383534	45.1443249012198	51.9682035245287	-1.0981605138398
ENSG00000160183:E007	4.1125993832769e-05	0.013794016773053	44.0101700389027	53.6588952946832	102.442891121999	106.720417952157	1.22641588090166
ENSG00000160194:E004	2.20546914064812e-10	3.43760328563414e-07	262.803586803734	252.005168973244	171.895698662337	158.688621476686	-1.0302530609174
ENSG00000160216:E017	1.65423230669148e-14	5.33161876230236e-11	440.101700389027	458.975193681308	154.532496777252	125.280490639489	-1.20233700655484
ENSG00000161526:E004	4.26096352768024e-06	0.00209910959196015	10.0594674374635	8.62375102950265	60.7712065977959	44.544174449596	2.24067556617154
ENSG00000161526:E005	7.33357734195028e-06	0.00336033349443514	31.4358357420734	35.4531986768442	6.94528075403381	5.5680218061995	-2.67261637677968
ENSG00000163110:E015	4.68438662304393e-08	4.16249341805976e-05	0	0	28.6492831103895	33.408130837197	32.5948599806895
ENSG00000163468:E016	4.06149677570911e-05	0.0136937252460158	667.697151161639	1208.28333868921	317.746594497047	265.409039428843	-1.79390028785933
ENSG00000164190:E032	1.46121085231599e-08	1.50195099056596e-05	64.1291049138297	70.9063973536885	13.8905615080676	17.6320690529651	-2.33944543494891
ENSG00000164904:E001	7.86903039395881e-08	6.56014399926845e-05	158.43661214005	166.725853237051	42.5398446184571	38.0481490090299	-1.43373288022211
ENSG00000164961:E013	3.70276773298261e-06	0.00186766818718437	72.9311389216103	75.6973701478566	17.3632018850845	21.3440835904314	-1.77775457021042
ENSG00000165219:E037	1.45345708246758e-06	0.00081051757151868	84.2480397887567	112.108763383534	27.7811230161353	28.7681126653641	-1.5837138486771
ENSG00000165704:E006	2.00950367457153e-14	6.36871999581956e-11	0	0	56.4304061265247	47.3281853526958	35.2350471752088
ENSG00000165732:E014	6.02759316903345e-08	5.18640299473784e-05	123.228476108928	78.5719538243575	28.6492831103895	25.9841017622643	-2.04570756613904
ENSG00000165752:E018	0.000112934765675088	0.0311238393786136	12.5743342968294	29.7040313238425	76.3980882943719	87.2323416304589	1.20944770211636
ENSG00000166130:E001	0	0	428.784799521881	448.435053534138	1340.43918552853	1237.02884461066	1.12028575822583
ENSG00000166200:E012	1.5300091509185e-05	0.00625684903484645	104.366974663684	155.227518531048	96.3657704622192	73.3122871149601	-1.08501480083732
ENSG00000166263:E016	4.6477344346485e-06	0.00225460174648951	2.51486685936587	5.74916735300177	29.5174432046437	21.3440835904314	3.32191326876456
ENSG00000166855:E009	6.21118889654326e-09	7.24605679870475e-06	0	3.83277823533451	36.4627239586775	44.544174449596	4.27539013012185
ENSG00000167113:E001	1.43771830107831e-07	0.000111135624673353	46.5250368982686	64.1990354418531	158.873297248523	167.968657820352	1.23521173362637
ENSG00000167491:E018	2.38142838782096e-13	6.37813604748251e-10	198.674481889904	175.349604266554	84.21152914266	103.936407049057	-1.58475362166671
ENSG00000168003:E011	4.85167461761193e-14	1.44153865927477e-10	457.705768404589	514.550478093658	454.047729294961	533.602089760786	-1.11129366777335
ENSG00000168036:E022	8.11573031000989e-14	2.33828946104676e-10	374.715162045515	387.110601768786	209.226582715269	182.816715970217	-1.30785452399606
ENSG00000168542:E012	7.93462867632044e-08	6.56014399926845e-05	32.6932691717563	37.3695877945115	0	0	-30.9987157433523
ENSG00000168542:E038	2.0425324639417e-06	0.00110029430107146	28.9209688827075	25.871253088508	0	0	-30.6439349710995
ENSG00000168701:E004	0.000168492928810493	0.0421582609957181	56.5845043357321	58.4498680888513	27.7811230161353	38.0481490090299	-1.34411177384995
ENSG00000168872:E002	5.57442185601387e-05	0.0175972334713399	56.5845043357321	35.4531986768442	17.3632018850845	13.9200545154988	-1.86067205803825
ENSG00000168958:E007	1.43130343694953e-05	0.00592971239571782	16.3466345858782	10.5401401471699	76.3980882943719	75.1682943836933	1.79886773261162
ENSG00000169020:E003	6.24358126671831e-05	0.0193534198543654	93.0500737965372	75.6973701478566	24.3084826391183	27.8401090309975	-1.30373678103124
ENSG00000169604:E018	0	0	285.437388538026	265.419892796915	1201.53357044785	1142.37247390526	1.3013854450265
ENSG00000169604:E024	1.63105106967265e-05	0.0065572390973956	57.841937765415	49.8261170593487	28.6492831103895	29.6961162997307	-1.67166546168114
ENSG00000169604:E025	1.20671121095484e-07	9.56107460219791e-05	128.258209827659	119.774319854204	87.6841695196769	83.5203270929925	-1.32258618519032
ENSG00000169604:E027	4.65827376672223e-12	9.8246331509793e-09	3593.74474203383	3621.01723783228	2243.32568355292	2200.29661708317	-1.48699464055014
ENSG00000169604:E028	9.15999259776257e-08	7.50795634657472e-05	1143.00698758179	1286.85529251356	710.154957099957	613.410402316312	-1.66422440861203
ENSG00000169727:E014	0.000187613355112859	0.0459744592545761	65.3865383435127	82.404732059692	32.9900835816606	33.408130837197	-1.28244392788213
ENSG00000169727:E016	4.35044340829638e-06	0.00212666225613065	84.2480397887567	94.8612613245292	32.9900835816606	37.1201453746634	-1.48123667485634
ENSG00000169851:E005	2.09377539177602e-05	0.00799494258934427	114.426442101147	110.192374265867	43.4080047127113	38.0481490090299	-1.2173700590669
ENSG00000169851:E006	0.000187924814260554	0.0459915145819284	3.77230028904881	2.87458367650088	14.7587216023219	27.8401090309975	2.92722646823429
ENSG00000169851:E007	2.6408679452139e-06	0.00136834377854492	10.0594674374635	5.74916735300177	32.9900835816606	45.4721780839626	2.55787383582671
ENSG00000170606:E022	4.50084414183038e-13	1.12614673726603e-09	294.239422545807	317.162398973931	173.632018850845	123.424483370756	-1.54207918169343
ENSG00000170906:E003	0.000121600314795023	0.032892279745081	0	0	12.1542413195592	14.8480581498653	33.4114899193588
ENSG00000170906:E004	5.45746059454899e-09	6.52691692917136e-06	0	0	35.5945638644233	25.9841017622643	34.600948041994
ENSG00000171763:E003	1.73866940769152e-05	0.00687363611700215	11.3169008671464	7.66555647066903	46.8806450897282	49.1841926214289	2.13272698590232
ENSG00000171862:E009	0	0	5474.8651528395	5441.58689961617	2202.52215912297	2088.93618095918	-1.2195455558384
ENSG00000172354:E007	1.11022302462516e-16	4.49186787056746e-13	18.861501445244	19.1638911766726	145.85089583471	140.128548789354	2.64152743546829
ENSG00000172661:E010	5.02949789038531e-07	0.000332083076333295	100.594674374635	78.5719538243575	32.1219234874064	28.7681126653641	-1.7020441560833
ENSG00000173473:E022	0.000152379988285212	0.0392994235000074	167.23864614783	150.43654573688	28.6492831103895	26.9121053966309	-1.11616149022313
ENSG00000175066:E009	5.76710568189753e-10	8.18403941983784e-07	95.5649406559031	97.7358450010301	19.099522073593	16.7040654185985	-2.20477796080665
ENSG00000177189:E019	3.05977465586693e-12	6.68782332195798e-09	37.7230028904881	46.9515333828478	0	1.85600726873317	-5.50423011949345
ENSG00000177311:E004	0.000145257861711157	0.037843746517656	56.5845043357321	37.3695877945115	15.6268816965761	8.35203270929925	-1.81010958241556
ENSG00000182534:E001	6.2490138677207e-05	0.0193534198543654	99.3372409449519	79.5301483831911	42.5398446184571	31.5521235684638	-1.2382058485039
ENSG00000182670:E003	1.39282730904355e-08	1.44363256911557e-05	37.7230028904881	52.7007007358496	92.8931300852023	74.2402907493267	1.8282082372265
ENSG00000183735:E016	2.17769080546049e-09	2.76070218789837e-06	42.7527366092198	27.7876422061752	2.60448028276268	3.71201453746633	-4.00993771779655
ENSG00000185485:E010	4.10486719437664e-06	0.00203805048550463	100.594674374635	121.690708971871	39.9353643356944	32.4801272028304	-1.36066507189926
ENSG00000185896:E002	0.000172027966457433	0.04292978221209	12.5743342968294	11.4983347060035	68.5846474460839	50.1121962557955	1.71558178367676
ENSG00000185984:E014	9.88855242134434e-09	1.09324846008023e-05	295.49685597549	370.821294268614	875.973535102515	980.899841525479	1.15468323546287
ENSG00000186660:E007	7.70851069831213e-06	0.00348179329541482	25.1486685936587	17.2475020590053	114.597132441558	70.5282762118604	1.84849769889768
ENSG00000187244:E014	0.00016780552509188	0.0420415850334936	32.6932691717563	30.6622258826761	81.6070488598973	64.9602544056609	1.21330355959474
ENSG00000188283:E004	1.87403848740386e-05	0.00727272266709681	16.3466345858782	6.7073619118354	0	0	-32.5624921602034
ENSG00000188419:E012	0	0	155.921745280684	159.060296766382	380.254121283351	359.137406499868	1.69852129893691
ENSG00000188554:E014	3.44977955061276e-05	0.0120810898671348	135.802810405757	111.150568824701	47.7488051839825	43.6161708152294	-1.19256875197227
ENSG00000188895:E003	3.78939022154245e-05	0.0129834750585238	119.456175819879	86.2375102950265	42.5398446184571	52.8962071588953	-1.39015462582218
ENSG00000189007:E006	6.41630791315961e-05	0.0197671121847795	94.3075072262202	86.2375102950265	17.3632018850845	15.7760617842319	-1.39241632494144
ENSG00000196275:E002	9.65682925767597e-05	0.0272856365227511	159.694045569733	208.886413825731	39.9353643356944	37.1201453746634	-1.00140008496554
ENSG00000196498:E006	0.000110473390651622	0.0307125716659812	32.6932691717563	32.5786150003434	8.68160094254227	10.2080399780324	-2.16241521790163
ENSG00000196505:E001	8.39353186524727e-05	0.0242567968454664	91.7926403668543	96.7776504421964	54.6940859380163	72.3842834805935	-1.06310439779677
ENSG00000196505:E002	7.43977314497934e-05	0.0220020588134212	23.8912351639758	29.7040313238425	101.574731027745	85.3763343617257	1.30873807119593
ENSG00000197324:E002	1.62184641896435e-05	0.00653404812155555	0	0	16.4950417908303	11.136043612399	36.5883601677269
ENSG00000197614:E006	8.32667268468867e-15	2.82747040066969e-11	0	0	92.024969990948	106.720417952157	34.7636180007769
ENSG00000197746:E013	5.24157273140702e-10	7.60860295770149e-07	502.973371873174	432.145746033966	237.007705731404	231.072904957279	-1.02775880171724
ENSG00000198252:E006	2.57669496573909e-05	0.00949572018013593	0	0	13.8905615080676	4.64001817183292	32.7716688510143
ENSG00000198467:E008	2.06219032072852e-07	0.000152584430742838	26.4061020233416	26.8294476473416	129.35585404388	126.208494273855	1.63858127583153
ENSG00000198610:E010	2.76391793134767e-05	0.00999203623553632	32.6932691717563	113.066957942368	2.60448028276268	1.85600726873317	-3.97573446847074
ENSG00000198898:E003	0.000108014126593337	0.030116935901372	104.366974663684	109.234179707034	58.1667263150332	58.4642289650948	-1.06728765829377
ENSG00000198898:E004	0	0	154.664311851001	152.352934854547	37.3308840529318	30.6241199340973	-2.36998238436656
ENSG00000203485:E008	1.17089671292092e-11	2.34374081195386e-08	23.8912351639758	27.7876422061752	107.651851687524	94.6563707053915	2.2891974410176
ENSG00000203827:E010	0	0	314.358357420734	363.155737797945	49.4851253724909	56.6082216963616	-1.89012493573806
ENSG00000203836:E006	0	0	101.852107804318	107.317790589366	6.94528075403381	2.78401090309975	-3.94011145061019
ENSG00000203836:E007	7.66405025232064e-06	0.00347248355155987	171.010946436879	597.913404712184	21.7040023563557	20.4160799560648	-3.70437945969188
ENSG00000203836:E010	1.72668546127852e-11	3.31659650450304e-08	227.595450772611	419.689216769129	32.1219234874064	23.2000908591646	-3.06252551328403
ENSG00000203836:E011	5.340172748447e-14	1.56227164538336e-10	237.654918210075	256.796141767412	49.4851253724909	57.5362253307282	-1.72198550523056
ENSG00000204265:E002	5.09325137065808e-07	0.000334247540748372	0	0	70.3209676345924	35.2641381059302	32.362452208508
ENSG00000204291:E039	0.000159784354539894	0.0406206862173758	132.030510116708	104.443206912865	15.6268816965761	12.9920508811322	-1.37504540585764
ENSG00000204592:E003	2.56608434165972e-05	0.00949341374010369	90.5352069371714	69.9482027948549	86.8160094254227	95.5843743397581	1.12621433947841
ENSG00000204843:E045	2.90300719207881e-06	0.00149197308549006	23.8912351639758	53.6588952946832	1.73632018850845	0	-5.28932481078305
ENSG00000214078:E012	1.746397807878e-05	0.00688986544295569	75.4460057809761	81.4465375008584	161.477777531286	160.544628745419	1.05172643937701
ENSG00000214078:E020	2.36906723127817e-08	2.32214993074945e-05	148.377144702586	150.43654573688	53.8259258437621	51.9682035245287	-1.48364231546781
ENSG00000214530:E007	0.000115783866264207	0.0316794653828333	12.5743342968294	14.3729183825044	51.2214455609994	39.9041562777631	1.62314426323685
ENSG00000214544:E001	5.11834226952779e-05	0.016413047711448	140.832544124489	178.224187943055	29.5174432046437	28.7681126653641	-1.00316136530195
ENSG00000217740:E004	1.03515856997305e-08	1.13241356067943e-05	71.6737054919273	362.197543239111	0	0	-36.3680331088591
ENSG00000217740:E005	2.38228596405321e-07	0.000172904860439859	154.664311851001	394.776158239455	115.465292535812	69.6002725774938	-2.90974774270505
ENSG00000219481:E012	0	0	314.358357420734	363.155737797945	49.4851253724909	56.6082216963616	-2.03004971785711
ENSG00000007341+ENSG00000116489:E019	1.19948495580502e-12	2.71537690745203e-09	71.6737054919273	79.5301483831911	121.542413195592	120.640472467656	1.85160061146678
ENSG00000007341+ENSG00000116489:E020	0.000104047117196249	0.0291390157758531	11.3169008671464	15.3311129413381	19.9676821678472	33.408130837197	2.17389548955429
ENSG00000011523+ENSG00000138069:E012	6.03985701030929e-06	0.00282744402622587	179.81298044466	222.301137649402	111.992652158795	113.216443392723	-1.1894199691954
ENSG00000012963+ENSG00000170270:E013	1.70188665287174e-05	0.0067988941625375	76.7034392106591	76.6555647066903	13.0224014138134	17.6320690529651	-1.69664289525857
ENSG00000028839+ENSG00000146411:E014	8.28153742840065e-05	0.0240427571650353	90.5352069371714	98.6940395598637	46.012484995474	50.1121962557955	-1.12362534897224
ENSG00000049167+ENSG00000215032:E009	2.82062280969608e-05	0.0101392059025744	0	0	17.3632018850845	12.0640472467656	33.5195203426116
ENSG00000067167+ENSG00000213002:E007	3.82715854563287e-08	3.48212830009787e-05	800.98509470803	548.087287652835	474.883571557062	482.561889870624	-1.02849843477221
ENSG00000068305+ENSG00000183060+ENSG00000214397:E018	9.16099407444193e-09	1.0187346849168e-05	143.347410983855	150.43654573688	80.7388887656431	68.6722689431272	-1.40874560669932
ENSG00000070540+ENSG00000141337:E001	5.76803049767705e-11	1.006272608603e-07	128.258209827659	123.607098089538	38.199044147186	36.1921417402968	-1.91269626499453
ENSG00000070540+ENSG00000141337:E003	1.08812770062139e-05	0.00467079429559282	7.54460057809761	19.1638911766726	0	0	-32.603949653904
ENSG00000070540+ENSG00000141337:E011	2.45581333047085e-13	6.48600765688438e-10	118.198742390196	131.272654560207	23.4403225448641	36.1921417402968	-2.21796501779259
ENSG00000073009+ENSG00000160211:E015	8.91715369483181e-05	0.0255756879683534	17.6040680155611	15.3311129413381	34.7264037701691	54.7522144276284	1.82352902085689
ENSG00000078319+ENSG00000222947+ENSG00000214300+ENSG00000121716:E019	4.64504608260752e-05	0.0151768500511423	64.1291049138297	45.9933388240142	82.4752089541515	80.7363161898928	1.2472469355361
ENSG00000078618+ENSG00000212076:E023	1.14959299324369e-06	0.00065844670002781	254.001552795953	181.098771619556	65.112007069067	74.2402907493267	-1.30012555490927
ENSG00000078618+ENSG00000212076:E024	5.32152940778685e-05	0.0169219295840457	132.030510116708	144.687378383878	52.9577657495078	49.1841926214289	-1.09535874584728
ENSG00000092010+ENSG00000100908:E002	9.62472907595213e-07	0.000563144378961509	27.6635354530246	33.536809559177	1.73632018850845	0	-4.42000764692279
ENSG00000100347+ENSG00000100344:E021	2.2046147460375e-05	0.00838292363316352	85.5054732184396	85.2793157361929	39.0672042414402	33.408130837197	-1.37954484911996
ENSG00000101082+ENSG00000101084:E008	0.000149001328451637	0.0385493804295324	38.980436320171	34.4950041180106	23.4403225448641	21.3440835904314	-1.72448527174373
ENSG00000102103+ENSG00000126768:E001	9.90945810175337e-06	0.00434184961685073	51.5547706170004	67.073619118354	194.467861112947	189.312741410783	1.06668774159701
ENSG00000106133+ENSG00000196313:E028	2.40747551660814e-06	0.00125769431122849	105.624408093367	144.687378383878	92.024969990948	81.6643198242594	-1.2021121687857
ENSG00000106133+ENSG00000196313:E034	0	0	432.55709981093	496.344781475819	268.261469124556	261.697024891377	-1.48453659748484
ENSG00000106133+ENSG00000196313:E037	1.80681491990242e-09	2.33728103087622e-06	86.7629066481226	114.983347060035	49.4851253724909	40.8321599121297	-1.83436345522795
ENSG00000107949+ENSG00000089876:E024	8.97116099126682e-05	0.0256146851618216	71.6737054919273	59.408062647685	36.4627239586775	44.544174449596	-1.36518649376034
ENSG00000107951+ENSG00000215186+ENSG00000220997:E010	8.47503844880748e-10	1.15942184269664e-06	93.0500737965372	106.359596030533	45.1443249012198	31.5521235684638	-1.89321235041842
ENSG00000108278+ENSG00000141140:E005	3.63375995959814e-13	9.3376827891522e-10	325.67525828788	359.322959562611	482.69701240535	451.937769936526	1.11527202362723
ENSG00000111877+ENSG00000111875:E001	7.42183516189154e-06	0.00339259935268022	152.149444991635	168.642242354719	52.0896056552536	76.0962980180599	-1.29310831480208
ENSG00000111877+ENSG00000111875:E002	2.52683551416055e-07	0.000182698854639446	108.139274952732	125.523487207205	39.0672042414402	41.7601635464963	-1.50121988125424
ENSG00000111877+ENSG00000111875:E013	8.10699809700166e-05	0.0236081247186775	57.841937765415	61.3244517653522	123.2787333841	118.784465198923	1.05270090391465
ENSG00000111897+ENSG00000135549:E008	4.80601293206817e-08	4.25070607970335e-05	211.248816186733	206.970024708064	116.333452630066	108.57642522089	-1.16270988708825
ENSG00000113141+ENSG00000170458:E018	0.000144973623002143	0.037843746517656	12.5743342968294	38.3277823533451	2.60448028276268	0.928003634366584	-4.25505941577858
ENSG00000115685+ENSG00000115687:E042	0.000180857266805501	0.0447805418505214	60.3568046247809	43.1187551475133	16.4950417908303	16.7040654185985	-1.63671628175156
ENSG00000116750+ENSG00000116747:E005	9.04686670022414e-09	1.0119612223419e-05	37.7230028904881	55.5752844123504	147.587216023219	126.208494273855	1.63335604810358
ENSG00000117450+ENSG00000132763:E005	7.81346582270359e-05	0.02296434364627	26.4061020233416	30.6622258826761	67.7164873518297	66.816261674394	1.47604933250727
ENSG00000117450+ENSG00000132763:E007	2.36026219069263e-06	0.0012364262745392	36.4655694608051	30.6622258826761	83.3433690484058	88.1603452648255	1.59215436767213
ENSG00000119737+ENSG00000115239:E019	4.16984307083368e-08	3.7579574344246e-05	84.2480397887567	95.8194558833628	47.7488051839825	48.2561889870624	-1.65104326952808
ENSG00000124201+ENSG00000124228+ENSG00000177410:E032	1.71307412699662e-13	4.65363928344889e-10	819.846596153274	816.381764126251	381.99044147186	391.617533702698	-1.0221713221159
ENSG00000124201+ENSG00000124228+ENSG00000177410:E042	1.68249199018478e-05	0.00674977451201596	49.0399037576345	34.4950041180106	10.4179211310507	5.5680218061995	-2.32685453505268
ENSG00000124201+ENSG00000124228+ENSG00000177410:E043	3.51829676503712e-13	9.16482570199903e-10	689.073519466249	577.791318976678	277.811230161353	292.321144825474	-1.09336531282718
ENSG00000124201+ENSG00000124228+ENSG00000177410:E045	0.000203547710335816	0.0485685677433228	30.1784023123905	34.4950041180106	8.68160094254227	4.64001817183292	-2.22073137650539
ENSG00000124788+ENSG00000215019:E013	1.15820206407768e-05	0.00492710040494148	113.169008671464	144.687378383878	24.3084826391183	28.7681126653641	-1.28839991420165
ENSG00000126746+ENSG00000219410:E006	5.66239477529651e-05	0.0177975151352204	36.4655694608051	42.1605605886796	9.54976103679649	12.0640472467656	-2.06314405220257
ENSG00000129197+ENSG00000108559+ENSG00000108561:E003	6.91598761827228e-05	0.0209169493802776	216.278549905465	200.262662796228	82.4752089541515	113.216443392723	-1.15643011043376
ENSG00000129197+ENSG00000108559+ENSG00000108561:E006	2.91119708693e-05	0.0104057784897826	139.575110694806	122.648903530704	64.2438469748128	62.1762435025611	-1.1191233953841
ENSG00000129197+ENSG00000108559+ENSG00000108561:E008	0.000180766358952811	0.0447805418505214	118.198742390196	90.0702885303611	54.6940859380163	46.4001817183292	-1.10928935394948
ENSG00000129422+ENSG00000104213:E004	3.20164744160856e-07	0.00022717122171694	6.28716714841468	0.958194558833628	26.912962921881	37.1201453746634	3.47115577786622
ENSG00000129422+ENSG00000104213:E008	3.44169137633799e-15	1.23483990328619e-11	1.25743342968294	7.66555647066903	57.298566220779	76.0962980180599	4.22317832458898
ENSG00000129472+ENSG00000092203+ENSG00000165819:E031	2.10325756810903e-10	3.31139474826884e-07	128.258209827659	157.143907648715	33.8582436759148	46.4001817183292	-1.7798560787155
ENSG00000129472+ENSG00000092203+ENSG00000165819:E034	3.21162520354745e-05	0.0113281355619481	50.2973371873174	52.7007007358496	15.6268816965761	11.136043612399	-1.89385956839864
ENSG00000129472+ENSG00000092203+ENSG00000165819:E035	1.60386518399669e-07	0.000123476840347548	72.9311389216103	98.6940395598637	27.7811230161353	17.6320690529651	-1.86765294096641
ENSG00000129472+ENSG00000092203+ENSG00000165819:E037	1.80102851521369e-08	1.80252621261055e-05	110.654141812098	107.317790589366	26.912962921881	34.3361344715636	-1.78096304936247
ENSG00000129472+ENSG00000092203+ENSG00000165819:E038	2.10708339665189e-10	3.31139474826884e-07	123.228476108928	135.105432795542	31.2537633931522	36.1921417402968	-1.88701573581155
ENSG00000129472+ENSG00000092203+ENSG00000165819:E039	8.99988016334063e-08	7.40865459783778e-05	100.594674374635	108.2759851482	32.1219234874064	29.6961162997307	-1.70608755412585
ENSG00000129472+ENSG00000092203+ENSG00000165819:E040	0	0	243.94208535849	287.458367650088	73.7936080116093	60.3202362338279	-1.93591816634092
ENSG00000129472+ENSG00000092203+ENSG00000165819:E041	1.22369880894979e-09	1.61594526466857e-06	106.88184152305	120.732514413037	31.2537633931522	26.9121053966309	-1.91792379814687
ENSG00000130332+ENSG00000005206:E003	4.5073939669904e-05	0.014803402797495	27.6635354530246	38.3277823533451	86.8160094254227	91.8723598022918	1.28944003448397
ENSG00000130811+ENSG00000221830+ENSG00000221848+ENSG00000130810:E021	4.16987016915726e-06	0.00205956927695223	32.6932691717563	36.4113932356779	167.554898191066	174.464683260918	1.30073559679188
ENSG00000130811+ENSG00000221830+ENSG00000221848+ENSG00000130810:E033	5.0759851433213e-08	4.42770267377841e-05	69.1588386325615	88.1538994126938	10.4179211310507	24.1280944935312	-3.19368694271357
ENSG00000130811+ENSG00000221830+ENSG00000221848+ENSG00000130810:E034	8.62414584190674e-11	1.490863931823e-07	81.7331729293908	91.9866776480283	48.6169652782367	35.2641381059302	-2.05682496400247
ENSG00000138592+ENSG00000170236:E031	5.62817659144343e-09	6.68901752672313e-06	171.010946436879	207.928219266897	86.8160094254227	68.6722689431272	-1.35692725241821
ENSG00000138592+ENSG00000170236:E032	3.78541484347128e-05	0.0129834750585238	94.3075072262202	89.1120939715274	32.1219234874064	45.4721780839626	-1.31289893481617
ENSG00000144674+ENSG00000176354:E009	1.92351416683501e-07	0.000144004569660241	71.6737054919273	53.6588952946832	11.2860812253049	8.35203270929925	-2.40009068237777
ENSG00000151465+ENSG00000065665+ENSG00000165609:E022	3.2169002637028e-05	0.0113281355619481	32.6932691717563	43.1187551475133	134.564814609405	120.640472467656	1.26107106866614
ENSG00000151465+ENSG00000065665+ENSG00000165609:E024	7.61522726941966e-05	0.0224859687437625	26.4061020233416	43.1187551475133	125.883213666863	115.072450661456	1.30305135668779
ENSG00000151465+ENSG00000065665+ENSG00000165609:E051	0	0	91.7926403668543	107.317790589366	2.60448028276268	0	-6.74520210374661
ENSG00000151465+ENSG00000065665+ENSG00000165609:E054	1.19003695786546e-11	2.35724008160187e-08	99.3372409449519	126.481681766039	38.199044147186	38.0481490090299	-2.05648490543235
ENSG00000153162+ENSG00000188428:E020	0.000109490430585057	0.0304838672023329	57.841937765415	68.0318136771876	32.9900835816606	33.408130837197	-1.38845197783817
ENSG00000158805+ENSG00000187741:E004	6.72295885932872e-05	0.0204875706854524	25.1486685936587	29.7040313238425	44.2761648069656	41.7601635464963	1.68080804604316
ENSG00000158805+ENSG00000187741:E018	6.96913580823244e-05	0.0209358124332048	35.2081360311222	37.3695877945115	53.8259258437621	47.3281853526958	1.51040992408224
ENSG00000160209+ENSG00000215465:E006	7.02701514754267e-08	5.96537118940366e-05	23.8912351639758	34.4950041180106	136.301134797914	120.640472467656	1.65498730863196
ENSG00000160209+ENSG00000215465:E009	1.33226762955019e-14	4.44458505087727e-11	76.7034392106591	80.4883429420248	306.460513271742	337.793322909436	1.55238622872121
ENSG00000161960+ENSG00000129226+ENSG00000207152:E030	0.00014443352998017	0.0377788049435615	46.5250368982686	35.4531986768442	102.442891121999	123.424483370756	1.14591955161016
ENSG00000163798+ENSG00000176714+ENSG00000115254+ENSG00000119760:E032	4.35607327986531e-10	6.37186294425099e-07	308.071190272319	372.737683386281	197.072341395709	206.016806829382	-1.10660971902939
ENSG00000163806+ENSG00000171103:E008	1.56427592207242e-05	0.00638325280664051	2.51486685936587	6.7073619118354	39.0672042414402	25.0560981278978	2.85586241804473
ENSG00000164307+ENSG00000153113:E018	3.16352166684908e-10	4.85136252519909e-07	66.6439717731956	142.770989266211	0	0.928003634366584	-7.82534528587602
ENSG00000164307+ENSG00000153113:E037	8.92895168913554e-09	1.00468141733884e-05	145.862277843221	177.265993384221	53.8259258437621	38.0481490090299	-1.80462039245665
ENSG00000164597+ENSG00000105865:E035	5.72053456826538e-06	0.00270598361301544	64.1291049138297	66.1154245595203	150.191696305981	135.488530617521	1.17994835500534
ENSG00000164941+ENSG00000175305:E030	0	0	672.726884880371	833.629266185256	128.487693949626	105.792414317791	-1.57080289382518
ENSG00000164941+ENSG00000175305:E031	0.000124608885578747	0.0335628561811381	106.88184152305	116.899736177703	17.3632018850845	25.9841017622643	-1.25413887693168
ENSG00000164941+ENSG00000175305:E033	3.85305325645291e-07	0.000265466993166874	103.109541234001	84.3211211773593	13.8905615080676	7.42402907493267	-2.0224330008312
ENSG00000164941+ENSG00000175305:E035	3.84718670376483e-05	0.0131577936909085	103.109541234001	95.8194558833628	16.4950417908303	16.7040654185985	-1.4690813767293
ENSG00000164941+ENSG00000175305:E036	9.03641981586656e-06	0.00400547207306656	84.2480397887567	88.1538994126938	12.1542413195592	11.136043612399	-1.77401785909284
ENSG00000164941+ENSG00000175305:E037	3.13321300411395e-05	0.0110744520155446	84.2480397887567	103.485012354032	13.0224014138134	16.7040654185985	-1.54493170091455
ENSG00000164985+ENSG00000164975:E013	2.19757545494303e-12	4.91631239248303e-09	57.841937765415	65.1572300006867	203.149462055489	175.392686895284	1.74261820272079
ENSG00000164985+ENSG00000164975:E024	0.000139999320525219	0.0370264127850273	57.841937765415	86.2375102950265	26.912962921881	23.2000908591646	-1.40280897714546
ENSG00000166971+ENSG00000103479:E026	3.50287465478161e-07	0.000243992541613172	139.575110694806	128.398070883706	246.5574667682	236.640926763479	1.01315959855821
ENSG00000168807+ENSG00000132612:E019	0.000150149323319249	0.0387936073692142	56.5845043357321	66.1154245595203	116.333452630066	117.856461564556	1.03964330587674
ENSG00000169592+ENSG00000149927:E008	2.28058548634724e-05	0.0086217012905133	387.289496342344	472.389917504979	166.686738096812	132.704519714421	-1.66261193367318
ENSG00000169905+ENSG00000218839:E005	0	0	1297.67129943279	1364.46905177909	539.995578626129	520.610038879654	-1.35418033570079
ENSG00000170291+ENSG00000181885:E015	0	0	235.140051350709	223.259332208235	57.298566220779	56.6082216963616	-1.92595208079225
ENSG00000170291+ENSG00000181885:E016	6.41132426815183e-07	0.000398586157693645	84.2480397887567	79.5301483831911	27.7811230161353	17.6320690529651	-1.76774149978064
ENSG00000170291+ENSG00000181885:E017	4.30520619154606e-10	6.34627441063578e-07	96.822374085586	116.899736177703	25.1766427333726	25.0560981278978	-2.00624345520669
ENSG00000170291+ENSG00000181885:E018	1.26343380202343e-13	3.5858514167936e-10	174.783246725928	160.97668588405	39.0672042414402	25.0560981278978	-2.30569925566794
ENSG00000171148+ENSG00000214021+ENSG00000206570:E008	0.000141472194547188	0.0372416403387371	62.8716714841468	60.3662572065186	117.201612724321	128.064501542589	1.02856078741432
ENSG00000171148+ENSG00000214021+ENSG00000206570:E014	3.75814157571597e-10	5.67175147424601e-07	35.2081360311222	29.7040313238425	0	0.928003634366584	-6.10116453399102
ENSG00000171148+ENSG00000214021+ENSG00000206570:E030	4.64943176292643e-07	0.0003116823336879	179.81298044466	218.468359414067	87.6841695196769	61.2482398681945	-1.38347238732545
ENSG00000173786+ENSG00000187595+ENSG00000168256+ENSG00000168259:E009	2.31190241390955e-05	0.00870547998463787	37.7230028904881	45.0351442651805	13.8905615080676	16.7040654185985	-2.01640204672833
ENSG00000173915+ENSG00000148835+ENSG00000221767:E003	6.02435028529413e-07	0.000381859467183654	44.0101700389027	56.5334789711841	129.35585404388	92.8003634366584	1.52445076285212
ENSG00000173915+ENSG00000148835+ENSG00000221767:E004	1.82046332053432e-06	0.000983453591210694	18.861501445244	22.0384748531734	68.5846474460839	51.9682035245287	1.94017189702891
ENSG00000173915+ENSG00000148835+ENSG00000221767:E005	3.91148154897936e-05	0.0133297402937422	18.861501445244	16.2893075001717	49.4851253724909	46.4001817183292	1.82852007438368
ENSG00000173915+ENSG00000148835+ENSG00000221767:E006	5.91181690543507e-05	0.0185036442759454	17.6040680155611	17.2475020590053	41.6716845242029	51.9682035245287	1.80661445306502
ENSG00000173915+ENSG00000148835+ENSG00000221767:E007	9.67889451989334e-05	0.0273074068859626	12.5743342968294	16.2893075001717	40.8035244299487	41.7601635464963	1.89683494040173
ENSG00000173915+ENSG00000148835+ENSG00000221767:E008	0.000199697754917239	0.0478866654218818	15.0892011561952	15.3311129413381	37.3308840529318	43.6161708152294	1.79264351142724
ENSG00000173915+ENSG00000148835+ENSG00000221767:E009	3.73510273736777e-05	0.0129138121151342	18.861501445244	22.0384748531734	50.3532854667451	54.7522144276284	1.74233382516043
ENSG00000173915+ENSG00000148835+ENSG00000221767:E011	1.50879309046559e-13	4.21925112495228e-10	114.426442101147	150.43654573688	266.525148936048	274.689075772509	1.41166370742079
ENSG00000173915+ENSG00000148835+ENSG00000221767:E016	1.20848201445867e-08	1.28601377983373e-05	227.595450772611	223.259332208235	65.9801671633212	79.8083125555262	-1.24807352995087
ENSG00000173915+ENSG00000148835+ENSG00000221767:E017	4.39759340054025e-13	1.11498342114658e-09	292.981989116124	303.74767515026	85.0796892369142	83.5203270929925	-1.44275955646442
ENSG00000173915+ENSG00000148835+ENSG00000221767:E018	1.26601894523404e-07	9.94808390858736e-05	208.733949327367	185.889744413724	59.0348864092874	70.5282762118604	-1.2261085237675
ENSG00000173915+ENSG00000148835+ENSG00000221767:E025	4.18952628145064e-09	5.07434355814071e-06	121.971042679245	115.941541618869	30.3856032988979	19.4880763216983	-1.87335494215856
ENSG00000173915+ENSG00000148835+ENSG00000221767:E026	1.30564874467609e-08	1.36417337357207e-05	118.198742390196	116.899736177703	31.2537633931522	20.4160799560648	-1.80514657156542
ENSG00000174446+ENSG00000169032:E004	3.96251191604469e-05	0.0134794873154065	91.7926403668543	100.610428677531	37.3308840529318	34.3361344715636	-1.29781561836197
ENSG00000175175+ENSG00000108395:E025	0.00020313393314797	0.0485685677433228	95.5649406559031	50.7843116181823	6.94528075403381	4.64001817183292	-2.12738691426186
ENSG00000176974+ENSG00000176994:E030	4.54727226306684e-05	0.0149086241206942	71.6737054919273	56.5334789711841	19.099522073593	30.6241199340973	-1.56134873450292
ENSG00000178694+ENSG00000178700:E011	1.51540498948277e-05	0.00622389593931026	67.9014052028785	69.9482027948549	104.179211310507	91.8723598022918	1.14016913419182
ENSG00000180573+ENSG00000197697:E007	1.39688255407222e-08	1.44363256911557e-05	176.040680155611	171.516826031219	217.908183657811	212.512832269948	1.00529782023494
ENSG00000182909+ENSG00000167615:E035	5.65146979289999e-05	0.0177925859748059	18.861501445244	21.0802802943398	43.4080047127113	54.7522144276284	1.75651550345816
ENSG00000182923+ENSG00000129055:E020	2.68372348044554e-06	0.00138301216692294	147.119711272903	150.43654573688	65.9801671633212	49.1841926214289	-1.18501616171697
ENSG00000183519+ENSG00000135213:E003	2.52241868854419e-05	0.00936832212844114	36.4655694608051	49.8261170593487	19.9676821678472	21.3440835904314	-1.87218730283443
ENSG00000183519+ENSG00000135213:E004	9.22281140347536e-11	1.56588515255542e-07	86.7629066481226	114.983347060035	49.4851253724909	40.8321599121297	-1.96894125949612
ENSG00000183519+ENSG00000135213:E009	0.000203563081707991	0.0485685677433228	79.218306070025	79.5301483831911	63.3756868805586	64.9602544056609	-1.11628494565738
ENSG00000184058+ENSG00000215012+ENSG00000185838:E014	7.64055485547033e-13	1.79371929655127e-09	54.0696374763662	87.1957048538602	155.400656871507	152.19259603612	1.82921734100013
ENSG00000184470+ENSG00000093010:E042	5.26528942701443e-06	0.00251567062025681	3.77230028904881	5.74916735300177	34.7264037701691	29.6961162997307	2.97084879052511
ENSG00000185480+ENSG00000183395:E017	5.56175181717355e-05	0.0175972334713399	51.5547706170004	52.7007007358496	14.7587216023219	12.0640472467656	-1.82617499821068
ENSG00000186275+ENSG00000168614:E013	3.33066907387547e-16	1.31948618697919e-12	250.229252506904	363.155737797945	49.4851253724909	56.6082216963616	-2.14484091281712
ENSG00000188215+ENSG00000196678+ENSG00000005187:E032	1.16348908285602e-09	1.54718011900514e-06	133.287943546391	127.439876324873	257.843547993505	268.193050331943	1.1215888981934
ENSG00000188760+ENSG00000123989:E003	4.68627466043703e-06	0.00226751302004932	16.3466345858782	18.2056966178389	14.7587216023219	14.8480581498653	-2.82072803601594
ENSG00000188976+ENSG00000187634:E003	0.000121337469328964	0.0328679351747252	12.5743342968294	18.2056966178389	0.868160094254227	1.85600726873317	-3.86966182673717
ENSG00000188976+ENSG00000187634:E004	5.0483344837815e-08	4.42387644593052e-05	15.0892011561952	21.0802802943398	0	0	-34.6979740225172
ENSG00000188976+ENSG00000187634:E006	1.72503712657646e-05	0.0068406139682549	15.0892011561952	21.0802802943398	1.73632018850845	0.928003634366584	-4.13049700966744
ENSG00000188976+ENSG00000187634:E012	5.68184786109427e-07	0.000365016495124988	26.4061020233416	51.7425061770159	7.81344084828804	4.64001817183292	-3.01850893205423
ENSG00000188976+ENSG00000187634:E015	4.68598366621942e-05	0.0152320902906146	50.2973371873174	83.3629266185256	20.8358422621014	8.35203270929925	-2.56389498883819
ENSG00000196704+ENSG00000108932:E004	0.000112067898404011	0.030968355460681	89.2777735074884	78.5719538243575	98.1020906507276	121.568476102022	-1.0351103776253
ENSG00000196704+ENSG00000108932:E010	2.05313761364456e-05	0.00785554411137671	158.43661214005	157.143907648715	250.030107145217	169.824665089085	-1.01140143173194
ENSG00000198553+ENSG00000204977:E013	6.78815519221665e-05	0.020620159984689	0	0.958194558833628	8.68160094254227	18.5600726873317	5.16339026790544
ENSG00000198743+ENSG00000214955:E004	0	0	3426.506095886	4074.24326416059	1557.47920909208	1520.99795672683	-1.08201376475641
ENSG00000204590+ENSG00000204576:E012	0.00012953828245077	0.0345965459470133	35.2081360311222	38.3277823533451	10.4179211310507	5.5680218061995	-2.13536771359326
ENSG00000204590+ENSG00000204576:E013	1.21055367952039e-08	1.28601377983373e-05	31.4358357420734	29.7040313238425	0	1.85600726873317	-4.98058369430622
ENSG00000204642+ENSG00000214922+ENSG00000216622:E012	6.52305165438349e-09	7.51763913026822e-06	354.596227170588	297.998507797258	88.5523296139311	81.6643198242594	-1.19221641635206
ENSG00000204642+ENSG00000214922+ENSG00000216622:E013	5.30146926358555e-10	7.63724842594621e-07	247.714385647538	275.960032944085	72.0572878231008	67.7442653087606	-1.15869299106684
ENSG00000204642+ENSG00000214922+ENSG00000216622:E018	3.04061290257174e-07	0.000216553134204957	26.4061020233416	30.6622258826761	59.9030465035416	63.1042471369277	1.85455286930796
ENSG00000204642+ENSG00000214922+ENSG00000216622:E019	6.96296466129454e-05	0.0209358124332048	11.3169008671464	11.4983347060035	32.1219234874064	28.7681126653641	2.1627993825697
ENSG00000204642+ENSG00000214922+ENSG00000216622:E026	1.51709465368022e-06	0.000833313466073269	13.8317677265123	11.4983347060035	37.3308840529318	40.8321599121297	2.37234214549176
ENSG00000204837+ENSG00000204836:E001	1.94494960933378e-05	0.00748679610954844	27.6635354530246	34.4950041180106	122.410573289846	98.3683852428579	1.00884018547303
ENSG00000206503+ENSG00000216911:E025	0.000193575530078149	0.0468916377689181	1.25743342968294	5.74916735300177	27.7811230161353	195.808766851349	6.69579916644798
ENSG00000206503+ENSG00000216911:E026	9.25486246217133e-05	0.0263850994914779	75.4460057809761	72.8227864713557	48.6169652782367	104.864410683424	1.77696268540073
ENSG00000211069+ENSG00000223124:E003	2.72720801421933e-05	0.00989695461007479	442.616567248393	252.963363532078	81.6070488598973	66.816261674394	-1.67531843634346
ENSG00000213059+ENSG00000171490:E001	3.28634897073243e-11	6.06723832598581e-08	104.366974663684	127.439876324873	410.639724582249	420.385646368062	1.2291554743304
ENSG00000213240+ENSG00000163386:E009	0.000194167596062167	0.0469752184885363	64.1291049138297	43.1187551475133	99.8384108392361	91.8723598022918	1.10223199778605
ENSG00000213949+ENSG00000152684:E004	0	0	182.327847304026	213.677386619899	390.672042414402	393.473540971432	1.55314804279708
ENSG00000213949+ENSG00000152684:E005	0	0	261.546153374051	249.130585296743	501.796534478943	451.00976630216	1.46731987313467
ENSG00000213999+ENSG00000064489:E020	5.17884923680878e-05	0.0165791180668869	40.2378697498539	56.5334789711841	6.94528075403381	2.78401090309975	-2.15310423803346
ENSG00000213999+ENSG00000064489:E022	0.000111440620894854	0.0308461798953764	8.80203400778055	10.5401401471699	20.8358422621014	20.4160799560648	2.2533272002525
ENSG00000214706+ENSG00000214699+ENSG00000179564+ENSG00000186792:E004	4.63662872540738e-08	4.13939927307989e-05	1.25743342968294	4.79097279416814	43.4080047127113	45.4721780839626	3.58973854038491
ENSG00000214717+ENSG00000169084:E003	2.79319409436374e-05	0.010059625049167	50.2973371873174	62.2826463241858	99.8384108392361	134.560526983155	1.18309292388741
ENSG00000214899+ENSG00000133030:E006	0.000205490470618908	0.0489057032690241	1.25743342968294	2.87458367650088	26.912962921881	27.8401090309975	3.05484567247933
ENSG00000215155+ENSG00000198517+ENSG00000215157+ENSG00000164855:E012	9.9594263700542e-06	0.00435371172339487	140.832544124489	125.523487207205	85.9478493311684	103.936407049057	-1.07556016129396
ENSG00000215220+ENSG00000177951:E002	0.000152520401681788	0.0392994235000074	59.099371195098	41.202366029846	20.8358422621014	23.2000908591646	-1.55026403313883
ENSG00000217053+ENSG00000196306:E009	0	0	259.031286514685	260.628920002747	1.73632018850845	5.5680218061995	-3.80428446686637
ENSG00000217865+ENSG00000100181+ENSG00000213923:E027	5.17474951777785e-13	1.24559496050836e-09	236.397484780392	328.660733679934	114.597132441558	96.5123779741247	-1.73165346199792
ENSG00000219716+ENSG00000106397+ENSG00000106400:E013	0.000182039558144553	0.0449562055813662	84.2480397887567	89.1120939715274	25.1766427333726	32.4801272028304	-1.26852109298166
ENSG00000219716+ENSG00000106397+ENSG00000106400:E023	1.44669118817831e-06	0.000809117361651795	59.099371195098	66.1154245595203	130.224014138134	115.072450661456	1.28981569038693
ENSG00000220455+ENSG00000136986:E007	5.07747487210608e-06	0.00245056463637043	124.485909538611	94.8612613245292	127.619533855371	116.000454295823	-1.11129513860359
ENSG00000222029+ENSG00000131018:E115	6.577960808829e-05	0.0201325040651704	0	0	15.6268816965761	11.136043612399	33.3093293586901
ENSG00000222029+ENSG00000131018:E121	9.55337180696958e-06	0.00420520850942065	0	0	17.3632018850845	15.7760617842319	33.6175186955216
ENSG00000222029+ENSG00000131018:E124	4.21830048080718e-05	0.0140974267632571	0	0.958194558833628	12.1542413195592	25.9841017622643	4.96400915173387
ENSG00000222082+ENSG00000143549:E009	1.0926398876121e-05	0.00467959945379599	76.7034392106591	73.7809810301894	40.8035244299487	54.7522144276284	-1.42839162564217
