ensembl_gene_id	Refactor_log2FC	Refactor_pval	Refactor_padj	Dominissini_log2FC	Dominissini_pval	Dominissini_padj
ENSG00000004777	-2.22351214124716	1.90586092474422e-11	1.19574532995507e-10	-2.35805894499088	5.29113642814294e-16	7.40626573041373e-15
ENSG00000004799	-2.35436366877537	6.60775831898669e-65	4.85254994802525e-63	-2.33436112496874	5.23748960470142e-89	1.27259611547278e-86
ENSG00000006016	-3.73318538096575	3.28393892782345e-11	2.01981030897114e-10	-4.18416336737159	1.45154246604855e-05	7.52674096173724e-05
ENSG00000006611	-2.48333184379083	4.79261991601192e-62	3.20437905727782e-60	-2.49719298328516	1.51988632068979e-37	7.30656748660205e-36
ENSG00000007402	3.04521797157054	1.23433753757974e-07	5.34071544350745e-07	3.3676636177769	3.18931163887779e-14	3.93671299698919e-13
ENSG00000011465	-2.50758231612548	5.10134545998775e-40	1.60931881776468e-38	-2.63878516372446	1.12769163425234e-71	1.72660402685457e-69
ENSG00000012223	6.13965934901112	0.000677052513100451	0.00176849537872827	Inf	0.00144645812807105	0.00543339354644602
ENSG00000026751	4.69292301338255	0.000241253953113516	0.000679281767419347	5.82982358532726	1.41430923820925e-06	8.32205020029736e-06
ENSG00000031691	-2.07093604554791	1.86945270773888e-63	1.32928967932819e-61	-2.03075303494137	5.98137760646211e-77	1.02852088472965e-74
ENSG00000039068	2.18751496276462	0.00359385030456314	0.00822509438743597	2.19424863524462	0.011059653132637	0.034280017488487
ENSG00000049130	-2.34793647744829	0	0	-2.3305388426265	0	0
ENSG00000053108	-3.56899553011836	6.59761880514461e-52	3.17797129470747e-50	-3.7847940668821	3.52662862468712e-81	7.03877288180857e-79
ENSG00000056345	2.62439340753398	0.000780951305761782	0.00202336699404908	2.28998609037907	0.000423240899870404	0.00175922779392023
ENSG00000063127	-2.03299679373544	0.00141084917383949	0.00349123149963719	-2.09701710044667	1.55723925055469e-05	8.03938249581977e-05
ENSG00000064195	-2.50509245894833	2.55381266011371e-13	1.87749936210438e-12	-2.53880555045713	1.70280244322284e-20	3.28992617249814e-19
ENSG00000064726	-2.03428140046136	1.50296332302224e-143	6.51558841874062e-141	-2.04541493141346	2.82497394412866e-168	3.94684172169076e-165
ENSG00000067798	3.17387123881487	1.14951018974865e-11	7.36333052432419e-11	3.59645627472866	3.5903138743373e-17	5.43384403161382e-16
ENSG00000068781	-3.18730789504896	1.98800526850294e-28	3.77355971799591e-27	-3.29246150991353	7.26317937867329e-22	1.53315497479568e-20
ENSG00000070729	2.05366809860156	3.49382221263091e-06	1.27834132086977e-05	2.47401957480592	3.59637685208802e-07	2.26715759028696e-06
ENSG00000073146	-3.27707202189326	1.37080528009984e-11	8.68155144168789e-11	-3.47941051922919	3.72530089196599e-08	2.65208204264356e-07
ENSG00000073282	-2.94855794259784	4.54051696363907e-06	1.6332978446024e-05	-3.32238923423615	1.58616032153683e-11	1.57376954405834e-10
ENSG00000073737	3.17537737112113	0.00492710303273341	0.0109646195821998	3.62833923060079	0.000634471116549801	0.00255227053074577
ENSG00000073803	2.35085517930711	4.71601124942768e-07	1.91591521103563e-06	2.2838430922088	6.02608138479736e-09	4.68220449342232e-08
ENSG00000075539	-2.03313719646166	2.2332403996749e-82	2.75344199369092e-80	-2.0272445287983	1.28860226070274e-106	4.36445680844684e-104
ENSG00000077092	-2.75049011076638	6.58295197408318e-14	5.03805760704464e-13	-3.01557219883972	7.71972854318056e-15	9.96344179297102e-14
ENSG00000078018	-2.12946612656859	4.23092995922881e-07	1.72405905767362e-06	-2.10878841044643	1.80959321556109e-05	9.27364666223123e-05
ENSG00000078114	-3.95718012421472	1.7907683169515e-13	1.3310915603712e-12	-4.79476410680775	2.66278660760137e-36	1.21230003719595e-34
ENSG00000079931	-2.06762841859516	1.7359016031754e-15	1.49351995166929e-14	-2.17077664678407	3.83919415945691e-23	8.80218935799997e-22
ENSG00000080573	2.29949499384029	0.00045674783168422	0.00122961420472841	2.58273047459844	0.000115639095260539	0.000523172705009937
ENSG00000081189	-2.23618145318142	0.00226565530152035	0.00537858003835576	-2.38938934436579	0.000218448486362581	0.000948562055973024
ENSG00000081985	2.92253343995947	0.000585809428173583	0.00154669801674357	3.29366035395184	2.16476200560319e-06	1.24622945849224e-05
ENSG00000084628	2.41766538924901	0.0126445091379816	0.0257216266599325	2.38056181292211	0.00635562032742614	0.020862487048353
ENSG00000086205	-3.24402326382559	2.40543716420423e-27	4.3333337868285e-26	-3.27060780727702	1.76862658219372e-19	3.17302396616039e-18
ENSG00000086289	-2.65684542083458	3.11326602815788e-83	3.9846840145156e-81	-2.63266644322238	1.19950080793328e-113	5.15646943471932e-111
ENSG00000088726	2.12420726277405	3.41094440612688e-14	2.67131013251394e-13	2.50108974838145	5.59833249364236e-20	1.03682787541741e-18
ENSG00000090339	3.44478228647318	1.28431380249012e-16	1.19445627623978e-15	3.68752215897836	4.15286344437325e-13	4.64630177354953e-12
ENSG00000091592	3.98725266165472	1.18773003284467e-08	5.71292194395114e-08	4.23012240922975	1.1793505420217e-12	1.27852580098706e-11
ENSG00000092529	-2.39891025905067	8.26850549033208e-14	6.2922109447663e-13	-2.69956371992908	3.70247848968472e-11	3.56439294394541e-10
ENSG00000095383	2.40295039128424	1.63899958211738e-108	3.33735081576901e-106	2.35276405281486	1.20960284192405e-101	3.80837491948876e-99
ENSG00000099957	-2.36070155473882	0.000151475487431777	0.000441578975183439	-2.7733787494972	3.08410576671517e-05	0.000152932786843724
ENSG00000099994	3.03702790096123	5.86685680805265e-107	1.17678639766298e-104	3.06628900445845	2.14213342697099e-110	8.40092116254551e-108
ENSG00000099998	3.04795487242053	6.77244419251856e-07	2.69913634351296e-06	4.55822465429119	0.000917159927284365	0.00357866870562309
ENSG00000100156	-2.20318418792292	0.00615565777164499	0.0133882318810709	-2.37063123290315	5.12468731572814e-05	0.000245672872090471
ENSG00000100292	4.16279438044727	2.29305776832011e-184	1.92602520927837e-181	4.09181153006153	6.84835098401269e-156	7.28990656650569e-153
ENSG00000100368	5.96796641350229	0.00125207972109225	0.00313638385307711	Inf	0.001425581134278	0.00536308325069849
ENSG00000100767	-2.3884387365014	2.57393491197345e-29	5.07201045190781e-28	-2.38518305472493	8.50854992631501e-43	5.11290658744209e-41
ENSG00000101000	3.08633180339069	5.02779013561862e-54	2.66017604852672e-52	3.13840049297293	1.67290363992802e-67	2.29423852557981e-65
ENSG00000101188	2.45185269268931	0.00191040616380735	0.00461429698695308	2.95767293877756	3.263961420112e-05	0.00016135027329762
ENSG00000101773	-2.06050785127912	1.92128838255223e-104	3.58613813515548e-102	-2.07021148091595	1.33544139733309e-122	6.94243185953116e-120
ENSG00000101850	2.53821847240494	5.20467303708169e-05	0.000162815644658615	2.65808237536991	5.16529766930527e-07	3.19052401491158e-06
ENSG00000102575	4.2811736911234	1.86249495016402e-10	1.06783573529242e-09	4.30660536424818	2.01463867617124e-06	1.16550809956346e-05
ENSG00000102854	-2.1500857720249	1.15202716431942e-138	4.0742350161286e-136	-2.01586011050805	3.01956310245342e-144	2.32756253766357e-141
ENSG00000103888	2.81618733286152	5.93214168830731e-68	4.77377557779413e-66	2.73118524583857	2.39794300058897e-60	2.47021280346386e-58
ENSG00000104213	3.47750398266658	2.52654105047484e-17	2.45333707928695e-16	3.43537265131886	2.3622857779093e-21	4.83576339554804e-20
ENSG00000104368	2.26822623448057	1.90897459158817e-09	9.92829316422345e-09	2.47318384938094	1.23670600838107e-13	1.44588525686979e-12
ENSG00000105146	3.42594963491754	8.22803182017735e-05	0.000249721137378869	3.63306783426691	1.9006106806095e-07	1.24298494670969e-06
ENSG00000105219	5.62736558262419	0.000351166932315858	0.000962932545070968	Inf	1.34725622053625e-07	8.9953899503785e-07
ENSG00000105711	2.71381874628462	0.00370767521000887	0.00846254197474681	2.6468550253271	0.0143363187624353	0.0434600040162028
ENSG00000105854	-2.46517255112315	2.28968293246159e-208	3.07710489293514e-205	-2.39942399488578	0	0
ENSG00000105963	-2.20179823323943	0.00896262700298455	0.0188297542961462	-2.31040559750055	0.00544265567824932	0.0181265084969585
ENSG00000105967	6.4304631774228	1.60701202143195e-05	5.40456320220821e-05	6.44190991350177	5.32244741276941e-10	4.60085032734135e-09
ENSG00000106003	-2.40797940082231	0.000378237807855046	0.00103148090498457	-2.20751086575517	0.000156550353503339	0.000694350516312231
ENSG00000106366	3.37744686436794	6.24227731661547e-21	7.83286319869237e-20	3.34205459250972	5.44075555820763e-28	1.65472992854658e-26
ENSG00000108960	-3.67186906568313	4.03826683085463e-72	3.84895517303939e-70	-3.60730230455002	2.98874977996689e-103	9.68268298280869e-101
ENSG00000109063	-2.1377720697157	0.00033671555530665	0.00092651931772442	-2.29996634944011	0.0086123014765156	0.0274635359780356
ENSG00000109205	-2.68200045041767	5.48859801474888e-08	2.45870895734034e-07	-2.94456188981574	1.06541619560439e-11	1.07039611849621e-10
ENSG00000109452	6.21449235374666	0.000737150889049174	0.0019169061141509	Inf	0.00843614839130855	0.0269556405287752
ENSG00000109846	2.38117858289714	8.38913523022418e-15	6.84111579848196e-14	2.31173020589099	1.59654216800767e-14	2.01861445835087e-13
ENSG00000109956	-3.08913100362048	1.34972026375189e-12	9.42734312454196e-12	-3.20117391745823	2.55184330020148e-19	4.52011926566591e-18
ENSG00000110436	-2.64446553699098	8.95669150671023e-14	6.80820006553613e-13	-2.59912608278879	5.0385510044225e-14	6.1346279495022e-13
ENSG00000111012	2.49549446881292	2.94571355818444e-13	2.15853023492043e-12	2.59925477975971	2.94860887642317e-18	4.83944220437323e-17
ENSG00000111181	-3.30958025183508	9.92648681903989e-06	3.43024058526812e-05	-3.54735459577144	7.03219832651196e-09	5.42809949554034e-08
ENSG00000111335	-2.68215580641044	0.00945990304638522	0.0198024356760702	-2.61482925827019	0.0016123976958092	0.0060132696183048
ENSG00000112379	2.43053713199787	1.55078893078622e-19	1.78263820434339e-18	2.56474420201628	2.8520148795274e-19	5.03585628885905e-18
ENSG00000113389	2.04712517601698	7.34921097085213e-14	5.60533747090135e-13	2.02285241549974	8.41301609869724e-12	8.55227657436463e-11
ENSG00000115008	3.69452764544084	1.79299246888618e-40	5.77842345068619e-39	3.6323819269062	1.0720715165173e-50	8.40880234393954e-49
ENSG00000115009	4.43217829270871	0.000637373507947391	0.0016716749752742	3.97439605862473	4.31568583324204e-05	0.000209677985473359
ENSG00000115896	-3.28862857882409	5.86017611406671e-16	5.20177719926965e-15	-3.29502549197937	7.37230234636911e-12	7.52169998405911e-11
ENSG00000116016	2.5945357641453	0	0	2.55705808575359	2.99059797849791e-243	1.33703654422684e-239
ENSG00000116299	2.27894630793927	5.50726736487158e-12	3.63160775841556e-11	2.50904666433743	1.32603320685034e-16	1.93612973912034e-15
ENSG00000116574	-2.53073229266099	5.06718589183653e-119	1.19470019649809e-116	-2.51177712477575	5.20007506631632e-125	2.76767804839131e-122
ENSG00000116717	2.18193351559975	2.14230498678253e-49	9.43948744831816e-48	2.15622100843801	6.63354441941644e-53	5.57467112600132e-51
ENSG00000117115	3.03751885878878	0.00968580382918554	0.0202374871984491	3.07927554354347	0.00364812996861282	0.0126709598070806
ENSG00000117501	2.76683994273487	0.0186022834178001	0.0364957791024548	3.33740907356135	0.00378639729129801	0.0130942334544672
ENSG00000118194	4.71081396200614	0.000237685311456289	0.000670216722757252	5.5137940415135	2.87515938670502e-05	0.00014339873478448
ENSG00000118514	3.95799290065859	0.000111371489265943	0.000331059819563152	4.53214561679656	0.0024803929784349	0.00892861588404732
ENSG00000118946	-2.36607427715223	0.0214601050170197	0.0413853682534114	-3.01700050226351	0.00402682387492666	0.0138442972777777
ENSG00000119915	3.52938865927512	8.10392211337349e-13	5.74109695738674e-12	3.64247391667797	4.53041795998971e-10	3.9436512101873e-09
ENSG00000119922	-3.27420203093183	5.10965457396576e-72	4.83582026898069e-70	-3.24407596130997	1.38247410099138e-129	7.92405796245161e-127
ENSG00000119943	-3.08950722011149	5.1708924448962e-17	4.92848394091915e-16	-3.20608272515417	2.75706954660706e-23	6.36032328636266e-22
ENSG00000120833	2.73534039481874	2.40921549250728e-12	1.64352522861956e-11	2.8652741746371	6.14990017350727e-18	9.89739873855878e-17
ENSG00000120875	2.30143606559399	7.56212714904232e-29	1.46648523457402e-27	2.47916170077432	1.45134254622009e-42	8.60565285894e-41
ENSG00000121769	2.38843095812071	1.72069714257018e-51	8.05729926794448e-50	2.46436454214321	2.6291037351118e-57	2.51158055105509e-55
ENSG00000121895	2.52017952070507	0.000508516077804301	0.00135728849446117	3.04884041578081	3.74126040966359e-06	2.08819313851735e-05
ENSG00000122176	2.35439101716156	1.47823095892918e-06	5.64213174014464e-06	2.35248843835808	1.31202894358329e-08	9.86515136389532e-08
ENSG00000123095	2.63326358058444	2.28369368551106e-08	1.06564442498553e-07	2.75806728545552	4.13901879670407e-11	3.96077166872957e-10
ENSG00000123201	-2.67821442790699	0.000200992841544736	0.000574100488314498	-2.87113440230641	8.38595795500164e-07	5.05964113700693e-06
ENSG00000123838	2.04834835683479	0.000133027326613391	0.000391107906881944	2.33874626389988	2.95727825899866e-06	1.66936864145596e-05
ENSG00000123989	2.38815751466491	1.13559975413734e-62	7.82632056197526e-61	2.74285624942791	1.81761522405779e-98	5.49067171872808e-96
ENSG00000124243	3.0576074423081	7.38744657928009e-10	4.00807002740998e-09	2.78919408763432	1.89428914427559e-09	1.55280306311465e-08
ENSG00000124406	-3.23669785136432	2.10621276154742e-51	9.79425373786707e-50	-3.40228800061841	4.15364992691217e-70	6.19004603107965e-68
ENSG00000124435	2.93038226374707	0.00260943593693567	0.00612438168991941	4.25754351649873	9.97474597096639e-05	0.000455423757015896
ENSG00000125538	4.83645506553318	1.67067776465296e-11	1.05162709504314e-10	4.48289424643093	2.92863342365695e-18	4.81018894580657e-17
ENSG00000125740	3.25368952282734	1.38108146367277e-09	7.28714322351722e-09	3.40417880642397	7.97592648835661e-14	9.49381579982554e-13
ENSG00000125966	2.21030199022607	9.95143045909785e-60	6.05146035926769e-58	2.17902186017772	4.00078517552857e-67	5.42021526144035e-65
ENSG00000126838	-2.1083236968273	8.77312236393656e-31	1.87443547613583e-29	-2.18232755058565	3.71504053172714e-26	1.03937441860111e-24
ENSG00000126947	4.55029622876614	0.0103079772203507	0.0214022180936365	4.96479213742221	0.00117888505825019	0.0045178804375321
ENSG00000127084	2.01398109185857	0.0106552673775095	0.0220166264277906	2.42975607066024	0.00167542180673649	0.00622540739403266
ENSG00000128262	2.32657146453016	1.10098068957098e-06	4.27185651997556e-06	3.98008901415197	0.0152880055085492	0.0460763213075515
ENSG00000128342	2.67830743044821	1.68157644240765e-49	7.45831874901532e-48	2.46424791387123	2.0568968047541e-35	8.92813032494623e-34
ENSG00000128510	2.97415009084636	1.9870005057564e-259	3.33791247460754e-256	2.91732282283497	4.17803434469197e-146	3.73583118964977e-143
ENSG00000128573	-3.91349464546023	5.00471229016569e-05	0.000156881765733464	-2.3894039231129	9.72893522224198e-54	8.36463915223067e-52
ENSG00000128710	-2.25607658297566	3.5317394920579e-05	0.000113412298766466	-2.21993742379781	2.81917791347826e-07	1.80521062955867e-06
ENSG00000129270	-2.07782781534198	9.83854623624408e-09	4.77329324436405e-08	-2.17814630428149	2.86264160532246e-13	3.25160012425702e-12
ENSG00000130021	-2.1348167321544	9.27653264491919e-51	4.19755293653431e-49	-2.08549038289135	6.8431022154943e-74	1.10050868291482e-71
ENSG00000130475	2.27458183782288	0.0054705524172609	0.012046330318789	2.47563055120996	0.00196732704461982	0.00720554635353104
ENSG00000130477	5.93620900181591	6.75704183882862e-52	3.24313875971492e-50	6.04769963689615	8.13597598261312e-109	2.8868509065926e-106
ENSG00000130513	2.00652058792475	6.85519930121137e-51	3.1229499460671e-49	2.02353135882117	4.72037697976949e-60	4.79633213662578e-58
ENSG00000130518	3.61727113681977	2.41219817032937e-05	7.9221728277264e-05	3.53883888494293	6.4670248146244e-07	3.95631835539447e-06
ENSG00000130600	-2.04103780519454	0	0	-2.01659276396454	2.16475460849117e-108	7.56108195597056e-106
ENSG00000130707	-2.60396930630641	5.6851121220556e-283	1.27337036347175e-279	-2.44279760206867	1.25810659591941e-184	2.55670134956204e-181
ENSG00000130997	-3.15693461882632	1.9170934312946e-14	1.52719731020558e-13	-3.17932019991027	1.43197436867436e-10	1.30975266110256e-09
ENSG00000131080	4.98091373642388	5.66678499725866e-07	2.27739005915548e-06	5.42636639684231	3.77520354209119e-05	0.000185027186976335
ENSG00000131196	-2.32295713475637	0.00595331742607219	0.013002865738499	-2.14413838126369	0.00145885258616918	0.00547719024373964
ENSG00000131471	2.08529350103802	0.000186856811245933	0.000535986174705202	2.05691203767478	3.33583580077264e-05	0.000164612082760423
ENSG00000131737	2.25786863119063	0.000938640885058369	0.00240091261025874	2.44818752418421	9.85760636253421e-05	0.000450287594937772
ENSG00000132139	3.71404180023268	0.00975923072385533	0.0203687376452697	3.58098041195887	0.00592756708805237	0.0195665733441114
ENSG00000132563	2.52388450726422	2.86983848657701e-05	9.32940479465614e-05	2.2229304683311	2.94596842131961e-05	0.000146570616715287
ENSG00000132718	2.4512789009152	0.000292270958611601	0.000812038332185508	2.95444463711909	1.8529272776575e-05	9.48267773918399e-05
ENSG00000132854	-2.18076665662833	0.00645988449560266	0.013988783070642	-2.51549054823772	0.00056869852967416	0.00230845958458982
ENSG00000132872	2.29878357178697	0.000782383039150156	0.00202668574848476	2.3469935026974	7.17216204928616e-05	0.000334501377946469
ENSG00000133317	3.67084222815885	0.0104762304951476	0.0216933839174559	4.2932838742217	0.00288065984665572	0.010221312732086
ENSG00000133318	-2.16501901651948	5.10294823432783e-261	9.79693161730454e-258	-2.08902225824648	2.73059427555619e-223	7.62996305447289e-220
ENSG00000133328	2.38287121925202	4.2231572733237e-08	1.91610434153265e-07	2.66068624543423	1.01494618668843e-12	1.10673692962113e-11
ENSG00000134323	-3.50317901357052	0.000589764511482081	0.001555002014873	-3.63659740671327	4.46746567275493e-05	0.000216581495659865
ENSG00000134339	4.33368463009224	0.000965289420144134	0.0024662594139386	4.2932838742217	0.00288065984665572	0.010221312732086
ENSG00000134532	-2.6403208429664	0.00515070014563208	0.0114111868211588	-2.46339675348751	0.00109678320839455	0.00422715376559514
ENSG00000135114	-2.29428974053213	6.88200009385762e-20	8.08454538997837e-19	-2.25423706345603	5.76387677976909e-14	6.98350685826332e-13
ENSG00000135180	2.62492999217689	5.47179135298516e-05	0.00017037180619041	2.70171704063327	3.94491544848468e-05	0.000193090956723071
ENSG00000135378	-2.88386063645418	1.02096545628468e-24	1.60476663941635e-23	-2.9121736287165	4.52406391977339e-34	1.85221474107352e-32
ENSG00000135437	-2.68133293087806	0.000268226966127286	0.000750510555441308	-2.46355100366622	2.35508244993659e-06	1.34677700398779e-05
ENSG00000135744	3.88998152592842	5.07098837272021e-08	2.27999373506146e-07	4.0310007150564	8.12780491306127e-11	7.57668686516146e-10
ENSG00000136167	4.67820400847883	0.00737565829724309	0.015791217437733	Inf	0.00521491333848939	0.0174538363181003
ENSG00000136244	4.69026747061439	1.35354948524552e-22	1.89482828460568e-21	4.65524566117013	6.78980633092869e-28	2.05384750638132e-26
ENSG00000136531	2.58136063244875	4.10061029385835e-05	0.000130002599054405	3.08510216008076	9.67758882953766e-05	0.00044248889485679
ENSG00000137090	4.9122894148179	9.26078564165514e-05	0.000278923572922912	Inf	1.90220258567059e-08	1.40194185925371e-07
ENSG00000137558	-3.04947932498404	1.77394851833288e-48	7.59238666811326e-47	-3.05125602794126	4.00505014158159e-76	6.73149555375299e-74
ENSG00000137628	-2.07719922117129	1.2245830885956e-29	2.47104686601144e-28	-2.28629732621936	4.73107370317003e-46	3.14757207025783e-44
ENSG00000137868	-3.2201788809371	8.13238690583129e-11	4.81034980754695e-10	-3.47634136601747	1.0710939894797e-15	1.47071468309762e-14
ENSG00000137975	2.72389035646372	3.00184626396611e-13	2.19846386601856e-12	3.01311955129086	2.12717702049189e-19	3.79193900447175e-18
ENSG00000138166	3.35890975280376	2.07217191869429e-91	3.27622569592149e-89	3.38175927161108	2.74916419726366e-109	9.91206717187609e-107
ENSG00000138294	-5.60123942958029	0.00844615713161347	0.0178555774251618	-Inf	0.0146837601350614	0.044398860281234
ENSG00000138623	2.87410012177543	1.98860301004072e-51	9.27945689303377e-50	2.93004530984429	3.96603300267797e-64	4.74100009314777e-62
ENSG00000138764	-2.37129068715527	9.94069103122188e-44	3.55300390341997e-42	-2.32637611638176	8.62935405176478e-22	1.81810160672149e-20
ENSG00000139289	2.42952110456839	4.66678076927937e-60	2.86378387024408e-58	2.465093327416	1.18475170533822e-49	8.79865103692045e-48
ENSG00000139329	-2.33023135038952	1.17547040669562e-184	1.0531431197055e-181	-2.29853370113796	3.82809884421332e-166	5.03372479785556e-163
ENSG00000139644	-2.15527285989197	1.43745453438497e-182	1.07321952708887e-179	-2.22029792494317	8.11778228521195e-64	9.55078448440147e-62
ENSG00000139767	-2.64667297655147	9.25344587094804e-07	3.63192345384552e-06	-2.65480807670097	6.45125979391113e-10	5.5338243067187e-09
ENSG00000140285	2.77458791344755	2.44521915390099e-24	3.75128997822778e-23	2.88925924082698	1.49507183476434e-12	1.60214936693778e-11
ENSG00000140287	3.68888128933739	0.000152782770180645	0.000445100292316864	3.43654501519743	6.83628545327599e-06	3.69126388943313e-05
ENSG00000140323	3.0872347414215	0.00213686900547179	0.00510622022840245	4.35988145241622	4.19931550391561e-05	0.000204691449573767
ENSG00000140488	-2.57193407908454	2.2549137715835e-06	8.44681542512656e-06	-2.58736273242292	2.70880599079853e-08	1.95836510731922e-07
ENSG00000141314	-3.50728953262605	0.0078264828570105	0.0166371564560842	-3.39409632760106	0.00209022187002513	0.00762729671605317
ENSG00000141376	-2.26791642833042	4.85568599132542e-33	1.13884055911732e-31	-2.05901467319323	7.0052195400631e-35	2.9546165584636e-33
ENSG00000142303	-2.54208268570747	2.91102188158105e-18	3.02327844409334e-17	-2.42693417496572	5.48061754250183e-25	1.42127290655552e-23
ENSG00000142552	2.70560761508904	3.27466924139906e-05	0.000105535443489597	3.25211451499533	6.69815149874062e-07	4.08653052955371e-06
ENSG00000142623	6.28991012670985	3.28036923278337e-05	0.000105693795539141	4.77750828612429	2.81624815964611e-09	2.27026366248572e-08
ENSG00000143140	3.32925873500645	2.43928923491305e-06	9.10094614880522e-06	3.74576742640145	5.86172611770518e-10	5.04167085937597e-09
ENSG00000143217	5.25462385911105	2.40934053660567e-16	2.19370782326854e-15	5.80873224267815	4.96509389914875e-33	1.93361862406918e-31
ENSG00000143473	4.20483171901562	3.56781309479527e-11	2.18441185334641e-10	4.55695402173925	1.80877122288158e-17	2.79428278619867e-16
ENSG00000143515	2.14904970598515	3.65685515700296e-27	6.53516974135142e-26	2.3546620763161	1.88772695312506e-50	1.4652169552138e-48
ENSG00000143847	-2.65579558705925	2.03648276751266e-13	1.50540659585273e-12	-2.75494567000432	2.65090270493957e-13	3.02338158501118e-12
ENSG00000144152	-4.07271810664604	3.12314192503492e-29	6.11835340095398e-28	-3.9967405374358	1.23500206699884e-17	1.94143714526667e-16
ENSG00000144230	5.29714275904332	0.00238354190450437	0.00563653346025589	3.6134625210817	0.00489296086480254	0.0165047905797187
ENSG00000144583	5.18794201969839	0.00173021905765571	0.00421239382533244	Inf	1.96800537624056e-05	0.000100257046901735
ENSG00000144596	-2.44234640566799	6.20658732623305e-05	0.000191527731520657	-2.15228239459119	2.25404298534711e-05	0.000114074885430041
ENSG00000145020	-2.19529239370251	1.5757913288349e-07	6.73760269889542e-07	-2.28265378777234	5.90258544176865e-12	6.08047903065882e-11
ENSG00000145107	2.33175142059948	7.61220109635121e-08	3.35851511929954e-07	2.60744397761184	3.41817850955656e-13	3.85519487399734e-12
ENSG00000145431	2.80208689872644	3.8962326271928e-19	4.30250372036517e-18	2.84596156230167	1.00464572709612e-24	2.55202847539848e-23
ENSG00000145945	2.36912737185407	0.00870216003811034	0.0183390824450627	2.41526766772986	0.00225669191034932	0.00818133165162969
ENSG00000146374	3.78929126379623	5.91391619575371e-22	7.93977220327015e-21	3.73171836487249	1.02164899020031e-30	3.57401275851922e-29
ENSG00000146376	-2.36920710500242	1.49682695990637e-151	7.45031759784506e-149	-2.35747501180331	5.35811334347938e-196	1.33083628533487e-192
ENSG00000147180	-2.22160663122443	2.38259457287561e-05	7.83068927974452e-05	-2.17498028695824	0.000737145614314283	0.00293049138580499
ENSG00000147394	-2.56709055309052	1.5570337574758e-22	2.16839136442666e-21	-2.66173419074376	9.23621945229499e-36	4.09655654040877e-34
ENSG00000147488	-4.22075003736654	7.02258591701466e-12	4.58583732452672e-11	-4.42098906114436	8.71908995480019e-19	1.49011113799391e-17
ENSG00000147697	2.46120222869108	0.00392325831324243	0.00891372248041673	2.76806367054388	0.000971740764170746	0.00377582010121204
ENSG00000148225	-2.45267516937962	0.00017844552619949	0.000513738094814686	-2.37842936592655	2.06378616356998e-05	0.000104897398591276
ENSG00000148677	2.17325312247996	1.67066288109429e-21	2.17769529185511e-20	2.15389510619735	4.15852864567941e-26	1.15765565810109e-24
ENSG00000148926	2.02009220608095	2.31153059271821e-24	3.5583802560756e-23	2.01408220594654	8.25560271863063e-31	2.9016626284948e-29
ENSG00000149489	2.00111521354343	0.00111125663704692	0.00281140398066143	2.01092696123225	0.000542934060320963	0.00221473503365234
ENSG00000149591	2.97286007624274	4.98055653074242e-33	1.16609232084751e-31	2.60204099679917	1.10469002071285e-25	2.98600250580592e-24
ENSG00000150093	-2.25378211532994	0	0	-2.23327700712614	3.35797219833482e-261	1.87660276303941e-257
ENSG00000150275	-3.66865584121023	6.65761815009066e-05	0.000204787663811097	-3.68361625100546	0.00308407043343714	0.0108808886472623
ENSG00000150433	-2.4271886856856	1.20730683004912e-19	1.39991341579207e-18	-2.36987278288708	1.71501281005976e-28	5.36187361623437e-27
ENSG00000151090	-2.12241719694733	8.18079706174509e-40	2.55085224391629e-38	-2.14635711090182	9.09030214266265e-56	8.16082787538478e-54
ENSG00000151322	-2.43718740177659	0.0212418705354271	0.0410098402708813	-2.6521291897785	0.0027944611876901	0.00994228639019966
ENSG00000151692	-2.36254587296574	0.0215455040307019	0.0415185013863785	-2.57455791472805	0.00579552689574483	0.0191675112039473
ENSG00000151792	-2.69096739230579	7.72840515993563e-08	3.40754714384432e-07	-2.60678903873006	2.15548074093795e-10	1.94524087537049e-09
ENSG00000153823	2.50650822795346	7.90097837570063e-18	7.97755434943957e-17	2.59408941537287	4.85355606976674e-19	8.44987479622785e-18
ENSG00000153930	-2.90359492573952	0.000828189822807996	0.00213628465042546	-2.98804974077331	0.000155206668235971	0.000689074451191044
ENSG00000153956	-3.0675644050678	0.000418473855302552	0.00113270294892467	-2.94502095547138	0.000274113180957649	0.00117408048421676
ENSG00000154274	2.670473996829	3.69670580770475e-07	1.5178744072638e-06	2.47910300275798	3.73357392967067e-07	2.3509946936298e-06
ENSG00000154319	3.89148687543265	0.00547374566683374	0.0120513872897409	5.08820713527441	0.00058769516968534	0.00237995250419313
ENSG00000154479	2.21153249591731	0.0199351256903369	0.0387710787485438	2.15999852599045	0.0134919788852793	0.0411066779339693
ENSG00000155265	6.70747734705494	7.58446884364885e-05	0.00023128585611481	Inf	1.24576866041735e-05	6.51565574051695e-05
ENSG00000156990	-2.27413664740899	4.4763884812536e-23	6.4755850160998e-22	-2.16874464529356	1.60946717889769e-27	4.79068299827948e-26
ENSG00000157150	2.0524351121432	1.10068507169698e-08	5.31516589239515e-08	2.191420018504	3.10888532987554e-12	3.26425658356214e-11
ENSG00000158023	2.34562161422082	5.70130101709643e-08	2.54804736843229e-07	2.37585865577491	2.47860897743045e-10	2.22517369805141e-09
ENSG00000158560	-3.40328895101585	0.000355908107758938	0.000974144411440402	-3.71169743762472	2.38422616938303e-06	1.36204936852513e-05
ENSG00000158748	3.78107685427668	0.00757637676950516	0.0161668668474722	3.85863356542772	0.00137529028544776	0.00519136086472463
ENSG00000159307	-3.11643238202194	1.0736141526511e-09	5.74349951685427e-09	-3.5510440818091	2.54071135873688e-19	4.50397000104713e-18
ENSG00000159348	-2.20270067985044	1.23107577364542e-87	1.76004545978945e-85	-2.15816270617992	1.79159493392015e-106	5.97750942579867e-104
ENSG00000159674	-2.36880386629435	8.17595688938826e-09	3.99987930966468e-08	-2.22276413762315	2.81283280797387e-11	2.73145371804726e-10
ENSG00000159958	-2.6717097548595	0.0169889057598174	0.0336597235008382	-2.55372993476497	0.00262613994961553	0.00938975246860293
ENSG00000160181	6.32338896821163	0.000347241420200455	0.000953140818234052	5.2548675889731	0.000190658037401188	0.000835516519911028
ENSG00000160323	-2.15204521126508	0.00519177622289854	0.011496503651266	-2.04921494243882	0.00286657507386726	0.0101826504371887
ENSG00000160471	5.81274449734974	0.00208816180295424	0.00500139127961183	Inf	0.00310814730867226	0.0109571873423844
ENSG00000161570	-2.2499895116736	1.54469310477505e-08	7.34056953149643e-08	-2.36855235367771	1.11991860170889e-07	7.56334151740195e-07
ENSG00000162645	-4.34958510897016	3.67567259193243e-26	6.23704090441666e-25	-4.29118573956112	2.99582202618867e-41	1.67841116725367e-39
ENSG00000162735	-2.03071720348447	4.2674884649282e-68	3.49699862683964e-66	-2.01116980395195	1.08920909345311e-49	8.11606002501697e-48
ENSG00000163017	4.54043589413318	1.75320466169279e-29	3.4854019894215e-28	4.95182995329701	2.79586623686264e-46	1.88249379092854e-44
ENSG00000163331	-5.40859993700427	0.00173974568387683	0.00423328666406314	-5.04980887347497	0.000154193022237807	0.000685118429557531
ENSG00000163395	3.83796274989066	1.62755814309159e-48	6.98810028275012e-47	3.93605106312623	8.07344121776311e-68	1.12095468932843e-65
ENSG00000163661	2.11409816622578	0.0195938631627799	0.0381958118718594	2.40336124090598	0.005286311665089	0.0176531537139826
ENSG00000163683	-4.0555709855532	6.58428022946069e-78	7.0227096828351e-76	-3.91850321833463	1.40013901602195e-112	5.90541652153861e-110
ENSG00000163874	2.0027813378586	1.18879591732492e-26	2.0775329431638e-25	2.0374291421437	3.22227664512212e-33	1.26369775658e-31
ENSG00000164099	-2.27645933478057	9.83705043820057e-18	9.8436426536841e-17	-2.32906532268261	6.50329616906042e-25	1.67289623202735e-23
ENSG00000164120	-2.37030558448927	3.11139280210164e-39	9.48163443706213e-38	-2.37569043784694	5.9275585074258e-57	5.54412731694545e-55
ENSG00000164220	4.60018023690477	1.52187158304658e-11	9.60659098382478e-11	4.53912363064792	2.76163144888375e-18	4.54926377364388e-17
ENSG00000164603	-2.08415003574464	1.4018413459829e-23	2.09093738608925e-22	-2.07048063602054	1.0208645168244e-16	1.50134246112451e-15
ENSG00000164619	-2.13004932661709	3.42703123438179e-08	1.57509824756692e-07	-2.45492647201921	3.69219899580328e-13	4.15168090302749e-12
ENSG00000164741	-3.1163361055088	0.0208306421217867	0.0403143720441663	-3.74988142335359	0.000248603127466853	0.00107014718108878
ENSG00000165215	4.72120039787751	0.00654366364318306	0.0141587982129669	4.643660222345	0.00573975097766528	0.0189970970320891
ENSG00000165887	2.11406168127428	4.78780599059836e-09	2.40445906979265e-08	2.16802897077651	4.98043176737315e-11	4.73957308334863e-10
ENSG00000165949	-2.53160231848608	8.93010637895781e-05	0.000269507522180135	-2.65244961400343	1.55035753673041e-06	9.07956310612301e-06
ENSG00000166086	-2.09916816479639	2.50836610085323e-05	8.21392105978716e-05	-2.18548457604262	1.00434967513181e-08	7.61575055559585e-08
ENSG00000166340	-2.45575050486352	1.92675566995549e-223	2.8770743831702e-220	-2.42430761402461	3.30666129726508e-266	2.46390355463545e-262
ENSG00000166634	-2.575301464993	0.00368100077566719	0.00840737073830581	-2.34101157019715	0.000631170173148008	0.00253944889318765
ENSG00000166793	2.21144349801182	0.010732746077009	0.0221664937035382	2.48291304186703	0.0019487945314865	0.00714387552588539
ENSG00000166927	-4.45282463635524	0.024847882452015	0.047232063970669	-4.08697139517309	0.0133013105040795	0.040575531524044
ENSG00000167165	5.0184108472201	1.34313663348353e-18	1.43371034292178e-17	5.58448832044653	7.27396966349047e-14	8.67675121972604e-13
ENSG00000167646	2.76219373291439	1.27779397739388e-05	4.35623370426085e-05	2.4863771585978	3.43431533284913e-06	1.92407731705537e-05
ENSG00000167723	2.63684831378389	7.18134230760255e-14	5.48352609499265e-13	2.77141423268249	6.28298753662475e-19	1.08623281820348e-17
ENSG00000168389	3.86311116969761	6.4862494279282e-13	4.62188261197916e-12	4.42660048370997	3.79127897898353e-19	6.62629009352603e-18
ENSG00000168675	2.14486626201818	0.00870002256137232	0.0183374534507972	2.61227620162841	0.00096157960321467	0.00374023846359157
ENSG00000168685	3.85639324070576	1.45671541514558e-17	1.44052968831063e-16	4.11428569983906	1.48118186172319e-28	4.64380635861993e-27
ENSG00000168918	3.6704862993205	0.000103365891839754	0.000309039871064394	3.34996920651964	0.00018749215447348	0.000822610327988258
ENSG00000168993	2.13560919080449	0.000240259850649899	0.000676766324226365	2.10956056278579	3.2316571026601e-05	0.000159859400028466
ENSG00000169019	-2.28972583313078	2.18499501480395e-32	5.01094675835329e-31	-2.07112580844787	9.18210975864902e-36	4.08418945844896e-34
ENSG00000169429	3.34077932534605	1.49940929888889e-06	5.7172087047686e-06	3.29775222334898	8.63559673511612e-08	5.91784578224359e-07
ENSG00000169994	4.43342332519363	2.48816691919881e-15	2.11769950773355e-14	4.24421293470357	7.51512786940883e-13	8.25113793677628e-12
ENSG00000170458	2.63362203779878	0.00476670874468621	0.0106482378357443	2.41720940769327	0.00225110147312594	0.00816238805032558
ENSG00000170477	2.94749954543246	0.00208777565001372	0.00500135774697583	3.28092175934968	0.00114975399011962	0.00441684150114004
ENSG00000170681	2.082938205518	1.10861377442891e-06	4.29851717096082e-06	2.181607801369	5.52519989880805e-09	4.31703315407044e-08
ENSG00000170801	2.75606651166045	2.28072210287325e-07	9.55851188134141e-07	2.97256023872654	2.53680554110202e-09	2.05091323926924e-08
ENSG00000170941	-2.30332910334636	1.91341732318176e-11	1.1993663902164e-10	-2.30900623491139	4.03705850515327e-17	6.0934777734096e-16
ENSG00000170989	2.23050006161974	0.0172900706516486	0.0341808266383503	2.27581289851523	0.00516046498766968	0.0173018764247915
ENSG00000171346	2.58035208189079	5.37622238222433e-05	0.000167752618051341	2.4509732746573	3.87237677767716e-06	2.15868105955599e-05
ENSG00000171385	3.22786402104639	2.024049074849e-05	6.71966292413432e-05	3.30638806279202	8.08761465749242e-07	4.88755171812883e-06
ENSG00000171551	-2.76197200455925	0.000442701828245422	0.00119515264559868	-2.48139251580799	0.0008489489245516	0.00333170720846672
ENSG00000171951	5.48441218203929	1.80533838969477e-106	3.51622356798666e-104	5.52923948783183	4.31364265115664e-184	8.03559731866296e-181
ENSG00000172159	-2.07852794287468	4.81273494153111e-18	4.91103605764894e-17	-2.10639166996903	1.22211221094236e-25	3.29940777335815e-24
ENSG00000172348	-2.5020128470167	0.000286620357434564	0.000797492957259441	-3.30215628011555	7.40250821719319e-10	6.3038349976052e-09
ENSG00000172456	-2.3533001467586	5.59806053960115e-07	2.25313973020964e-06	-2.20807758178056	1.18996661028081e-07	8.00496948727571e-07
ENSG00000172927	2.55624202434183	0.00410721117502602	0.00929708792002269	2.89235265881707	0.000194812940121739	0.000852387642098521
ENSG00000173432	7.10720755976894	8.89461771362166e-07	3.49823726816978e-06	5.97509354120257	1.55683340733112e-07	1.03258371867564e-06
ENSG00000173762	3.69440946789111	0.0101828915973149	0.0211707735421279	2.7824529720172	0.00890621327377756	0.0283159566949259
ENSG00000174343	2.89270781797654	0.0179479776781916	0.0353452125955102	3.13600832669259	0.0129800816155029	0.0397039880176454
ENSG00000174473	-2.18364039680127	3.89605770380697e-31	8.45866227487267e-30	-2.21655279124166	2.69901959778462e-47	1.86215691632338e-45
ENSG00000175305	-3.05952786624702	4.77315915971136e-126	1.30911195810941e-123	-2.8368556069426	7.37714255484389e-153	7.49584748504456e-150
ENSG00000175445	2.19499643565969	1.63500086999914e-15	1.41122522106091e-14	2.29332260024058	4.41802652899474e-16	6.22309798545359e-15
ENSG00000175592	2.79066201476759	1.83580829583584e-21	2.37911549544242e-20	2.84245716717299	9.85688216857981e-25	2.50672063704702e-23
ENSG00000175600	2.69725809961046	2.12969450866396e-05	7.03909604081036e-05	2.93516405379084	1.13119745220207e-07	7.63720563168984e-07
ENSG00000175899	-2.04390278445314	2.2281748271268e-127	6.23842531286605e-125	-2.01651910225544	4.2533981512709e-144	3.06711168624225e-141
ENSG00000176597	2.5101254685142	4.3403320400121e-08	1.96860351959914e-07	2.64188227867413	2.83505452501871e-08	2.04500835276761e-07
ENSG00000177694	-3.93135100690485	3.60823512044302e-08	1.65278906790541e-07	-4.00745066160468	6.63114295139416e-12	6.79031468325539e-11
ENSG00000178033	2.60111355386741	0.00290244091309824	0.00675193066143799	2.75490079543233	0.00193537890941962	0.00710168419914087
ENSG00000179292	3.4958423568488	4.73762707948972e-05	0.000149002972902556	3.51369344634458	9.44058237004723e-07	5.66536317583988e-06
ENSG00000179477	-3.2195393362535	0.00362830936053042	0.00829830658546091	-4.55861853018846	1.7845111550466e-05	9.15140223902538e-05
ENSG00000179564	2.43633874142483	5.73001007090503e-07	2.30142275382226e-06	3.10261589111697	1.75997502492246e-07	1.15781288131597e-06
ENSG00000179776	2.86335501800175	6.04683954842051e-83	7.6663657255871e-81	2.8295676389755	5.45468502018015e-94	1.43451798754244e-91
ENSG00000180922	-2.04563957548606	0.00856468272934268	0.0180720319044805	-2.00503272715163	0.00502881903826507	0.0169171137368514
ENSG00000181143	-2.39448804299465	6.02755950564772e-72	5.66464141233564e-70	-2.34580594651293	2.80023142204751e-97	7.92359154537344e-95
ENSG00000181634	-2.18502039916543	0.000139215343336992	0.000408229325574043	-2.4365338971111	4.40644238027982e-07	2.75297968051356e-06
ENSG00000181773	3.03041920301833	1.11262275039842e-12	7.79590049145168e-12	3.06381305726192	5.82816913005938e-16	8.13251515189434e-15
ENSG00000181856	-2.93069497258921	0.000313044435223262	0.000865816868690146	-3.32968402004317	0.000478652000294783	0.00197449470651219
ENSG00000181885	-2.34062659398241	1.412142394605e-40	4.57295943158953e-39	-2.28356070210766	1.86199290090184e-53	1.58866371399847e-51
ENSG00000181982	3.41548263935115	0.00225824192989871	0.00536477166270264	3.07835498206076	0.00563693064696664	0.0186899952065103
ENSG00000182308	2.57087165626888	0.00123115518488515	0.00308684599434171	2.6768032680405	0.00252149776222598	0.00906387239636029
ENSG00000182463	-2.08851845386499	9.66383905367481e-26	1.6053440425505e-24	-2.39504418741144	5.89559952224222e-56	5.33563691174909e-54
ENSG00000182578	2.62559232933948	0.00477308731734424	0.0106571723638128	2.67258101577757	0.00221959150327367	0.00805205265566042
ENSG00000182836	-3.10007578270098	0.00100811175999718	0.00256688403611255	-3.21724288598967	4.14574652398783e-05	0.000202212563380371
ENSG00000183542	-8.05014861093517	3.75406956723603e-07	1.5372011247436e-06	-Inf	4.81709154356448e-10	4.17855119770432e-09
ENSG00000183929	-2.64180043721328	5.64345596881106e-08	2.5230340906471e-07	-2.42333079874226	1.00522785857085e-09	8.45723129487875e-09
ENSG00000184185	2.45323296803959	0.0046486335403204	0.0104069608776222	2.89509462821866	0.00079738063245071	0.00314700682517711
ENSG00000184194	2.18187197256236	1.10232249929378e-11	7.07117521146019e-11	2.22955688311002	8.15855663066179e-11	7.60218319807477e-10
ENSG00000185267	-2.15024955849709	0.000536514598829666	0.00142659630717249	-2.17443983237059	1.5018842270201e-05	7.76975700319541e-05
ENSG00000185269	-2.76586469087002	2.80347083872269e-12	1.90090033307741e-11	-2.47446577525967	1.92278643474033e-14	2.4093031368938e-13
ENSG00000185633	-2.35790737794028	0.00113880047735832	0.00287513425046373	-2.77124707167529	1.76424048120891e-05	9.05575929206521e-05
ENSG00000186517	4.51109958422752	0.000562028373394802	0.00148800222814278	4.83854220316945	0.00149771242727817	0.00561931245373888
ENSG00000186832	2.61207648694926	0.000135082290888826	0.000396715670291723	2.42688956763024	0.0019190481682084	0.00704870239108291
ENSG00000186907	2.89402130662126	1.38158369425663e-23	2.06301147412387e-22	2.77076876263534	5.26703565916453e-28	1.60846058913885e-26
ENSG00000187634	-2.61247638142979	4.38845075822293e-18	4.49515165699374e-17	-2.84088296086049	3.29733881538532e-11	3.18121328783442e-10
ENSG00000187908	2.41700357121541	2.10563975708188e-07	8.86241550122874e-07	2.12369648842831	0.00174360526488602	0.00646270139135502
ENSG00000188906	-2.98650676559508	2.72477090336324e-08	1.26313198241803e-07	-2.89601210165402	4.12010827769423e-10	3.60473191544332e-09
ENSG00000196408	2.19838371488268	0.00701746852537693	0.0150892415220065	2.11177284856471	0.000539489597591399	0.00220188980546981
ENSG00000196440	-3.09618184613668	0.00517146345942475	0.0114534109148334	-2.87958285429671	0.00293693305025723	0.0104028206948899
ENSG00000197405	2.18767208429317	3.14564485936319e-09	1.61352371240389e-08	2.08655059659113	2.57481269114396e-10	2.30875904122872e-09
ENSG00000197646	5.76568536509941	0.00243967616496218	0.00575605860386114	Inf	0.0050646211075104	0.0170193036761699
ENSG00000197766	-2.36457694340257	5.56855991257443e-08	2.49203718498461e-07	-2.53800516003764	2.07137219500988e-12	2.19551702452588e-11
ENSG00000197872	5.11940471447475	0.00122344933018373	0.00306809769515567	4.84345396348238	0.00015517670545105	0.000689074451191044
ENSG00000198157	-2.35767149505785	3.4326251488711e-80	3.942824732964e-78	-2.3381887181042	4.3551681809787e-110	1.62259049195996e-107
ENSG00000198216	-3.22416620883463	0.00870893065789227	0.0183477275358614	-Inf	8.00937780668923e-05	0.000370840164645259
ENSG00000198520	-2.0031637680371	0.0180569345773029	0.0355400034833588	-2.06288270645428	0.0040836314366076	0.0140245040918615
ENSG00000198771	4.65510336232874	0.00824021555774827	0.0174614091580856	4.89974850770374	0.00179596506254256	0.0066424558252939
ENSG00000198959	2.95323237364308	1.54049346856902e-201	1.88206288400901e-198	2.9439124920624	3.24040695753362e-180	5.57200439451588e-177
ENSG00000203666	-2.05506303559523	8.51853578315211e-22	1.13011453494355e-20	-2.04418792053562	3.49180738039026e-29	1.11667900116229e-27
ENSG00000203797	-3.17053222779278	0.00416238245854013	0.00939665006892672	-2.81215559156647	0.00516207036199719	0.0173028821220701
ENSG00000203943	-2.06190825144896	0.0256607883604387	0.0486534050191782	-2.06992169921786	0.00458773442457807	0.0155833787155475
ENSG00000204262	2.32788193505893	1.37789923222214e-29	2.76795034108122e-28	2.49708502514199	3.1057570568988e-34	1.28092422970324e-32
ENSG00000204364	6.17690126993714	0.000516075866210082	0.00137543194237022	Inf	1.96800537624056e-05	0.000100257046901735
ENSG00000204446	-2.85818595497169	0.00433688915248564	0.00976272249920511	-2.84891486588973	0.00029474985615213	0.00125549509992849
ENSG00000204525	-2.25837243289489	6.58262948026382e-150	2.94879858617551e-147	-2.07408909473177	3.04048075966187e-46	2.03493733237968e-44
ENSG00000204600	-2.39396040721884	0.00345075127745782	0.00792322679271409	-3.65756388402276	1.75697926351832e-06	1.02333284149788e-05
ENSG00000205221	-2.67333057204611	1.51022764231473e-36	4.13359455907692e-35	-3.22992260009044	4.50967698582032e-77	7.81467591790911e-75
ENSG00000205744	-2.11966018618382	4.53837367860559e-05	0.000143138239537152	-2.30354713112759	4.48316242562067e-08	3.17442549453039e-07
ENSG00000205809	-4.71104144046576	3.07376716484214e-12	2.07788515735984e-11	-6.69895892388176	5.52303275025786e-14	6.69896224087163e-13
ENSG00000205810	-5.4340641652468	2.65334429840506e-16	2.40609271432291e-15	-5.50288784782344	5.72497052261156e-21	1.14366390583073e-19
ENSG00000206073	6.38199493331027	0.00029152469659129	0.000810299978798416	Inf	0.00529243146573093	0.0176709504085062
ENSG00000206337	-3.3261315700459	3.62455405287961e-42	1.23944992154323e-40	-3.30312635886645	3.68869515505261e-64	4.43317696215302e-62
ENSG00000206417	-2.17519804076815	0.00398507872548244	0.00904653259995922	-2.2087352763165	0.000101900355381376	0.000464589138118554
ENSG00000211892	6.93709591937111	2.92503749427868e-05	9.49048258947639e-05	Inf	0.00052198918394153	0.00213475049722447
ENSG00000213347	-2.09280019640892	1.07284838381133e-09	5.74193923936301e-09	-2.217036712561	3.65256600383233e-15	4.84566530858563e-14
ENSG00000213809	-3.87868797230423	0.000353107472378304	0.000968056165094253	-3.56064743105491	0.000323781431507056	0.00137287748860181
ENSG00000221830	2.28674099086698	3.1150248629957e-18	3.22517866978423e-17	2.37454477413708	1.42178923957807e-12	1.52581260977092e-11
ENSG00000221878	2.91228298636836	5.13304888930594e-11	3.09757719009351e-10	3.33623109183725	2.12788422260866e-08	1.55854272320426e-07
ENSG00000005187	-3.22798338752642	0.00538505028618342	0.0118814136916794	NA	NA	NA
ENSG00000009950	-2.16627713991007	0.000165135402246968	0.000478184587545141	NA	NA	NA
ENSG00000023909	2.08799581252106	3.03761697311401e-150	1.40767360350618e-147	NA	NA	NA
ENSG00000055163	4.16046801277006	0.0261666793738692	0.0495287329725955	NA	NA	NA
ENSG00000055955	-3.812014094761	0.0130220770950207	0.0264395972322079	NA	NA	NA
ENSG00000065618	NA	NA	NA	-2.08507549276939	3.69362586235387e-09	2.93624866739184e-08
ENSG00000068615	NA	NA	NA	-2.00199682640823	5.4555409455886e-30	1.82838324284389e-28
ENSG00000080910	2.33362889734974	0.000201878800932654	0.000576263637581549	NA	NA	NA
ENSG00000081665	NA	NA	NA	-5.17057890774452	0.000173319005532091	0.000764326898730392
ENSG00000082074	2.99132331094786	0.00366308994262513	0.0083693073340597	NA	NA	NA
ENSG00000091106	-2.20042831384174	0.00254273729621471	0.00598141896093638	NA	NA	NA
ENSG00000095303	NA	NA	NA	-2.0281432716479	9.91239588707882e-52	8.02832237897681e-50
ENSG00000099139	3.39806865113833	2.83582443087361e-06	1.04902484325714e-05	NA	NA	NA
ENSG00000099977	NA	NA	NA	Inf	0.0103193174175879	0.0322746179278786
ENSG00000100206	NA	NA	NA	-2.17367039307883	0.00982727956208361	0.030879815480857
ENSG00000101977	2.85000887473002	0.0249928916161165	0.0474741300959702	NA	NA	NA
ENSG00000103316	5.25425285342171	0.0111085324932528	0.0228828277401632	NA	NA	NA
ENSG00000104325	-2.02100186430097	2.18800776568838e-58	1.27846245056896e-56	NA	NA	NA
ENSG00000104808	4.18209562825921	0.0250970155446029	0.0476584416990134	NA	NA	NA
ENSG00000104894	-2.54033213636708	0.00537090150660616	0.0118521420931495	NA	NA	NA
ENSG00000106258	-3.07291842298609	7.99220482126106e-14	6.08884583860132e-13	NA	NA	NA
ENSG00000106541	-3.98719451084872	0.0137115957435319	0.027688975987577	NA	NA	NA
ENSG00000107518	-5.3826566649519	8.02580745845719e-05	0.000244190234172982	NA	NA	NA
ENSG00000107614	-2.24520111639626	0.0187822406799064	0.036795121355286	NA	NA	NA
ENSG00000109511	2.81301498019807	0.00227582531900027	0.00539986166349657	NA	NA	NA
ENSG00000110203	3.32921242041342	0.00205072671479479	0.00491874287348334	NA	NA	NA
ENSG00000110693	NA	NA	NA	-2.07103545342602	5.19191057968238e-05	0.000248628896954199
ENSG00000111341	NA	NA	NA	-Inf	0.000303603892394143	0.00129074960262052
ENSG00000112769	NA	NA	NA	3.97488929096781	9.42438648503257e-06	5.00886199444646e-05
ENSG00000113600	NA	NA	NA	Inf	0.0142611670995308	0.0432556484861481
ENSG00000117525	2.03112195006254	1.17012900164909e-66	9.08980557986246e-65	NA	NA	NA
ENSG00000119227	-2.212719055138	0.0118365687305733	0.0242635215329734	NA	NA	NA
ENSG00000120693	-2.01331540451981	2.63439848663007e-18	2.74447141564508e-17	NA	NA	NA
ENSG00000121858	-2.08812526085402	0.0100760920001762	0.020971441906515	NA	NA	NA
ENSG00000122641	NA	NA	NA	3.46950877243206	0.00916384195585604	0.0290277062606215
ENSG00000124201	-2.09064098849443	1.49960269992628e-06	5.7172087047686e-06	NA	NA	NA
ENSG00000124224	2.22285995212613	1.60928910721807e-06	6.11111509237174e-06	NA	NA	NA
ENSG00000125246	-2.33179320474101	3.22025640171509e-05	0.000103906424448137	NA	NA	NA
ENSG00000127831	5.97117523283028	0.00125855914689217	0.00315143960780397	NA	NA	NA
ENSG00000131188	2.51339492742362	0.0122748800814346	0.0250558676450571	NA	NA	NA
ENSG00000131849	NA	NA	NA	-2.22100833385534	0.000149744813140802	0.000666811863137348
ENSG00000131885	NA	NA	NA	-7.65517346458754	2.90186489679655e-18	4.76972705169045e-17
ENSG00000133808	NA	NA	NA	2.08434279437091	2.48633911062084e-05	0.00012509481089088
ENSG00000134545	NA	NA	NA	-3.00240521008487	0.0138795406241666	0.0421667913988338
ENSG00000135218	NA	NA	NA	-2.31805636635676	0.000224823368266527	0.000973784455382666
ENSG00000135424	2.55797396415712	0.0169779047992338	0.0336528115924635	NA	NA	NA
ENSG00000136114	NA	NA	NA	4.57970291721759	0.00636620376767687	0.0208910920467776
ENSG00000139410	NA	NA	NA	-2.29040288830565	0.00318672443922567	0.0112023963067229
ENSG00000141505	NA	NA	NA	3.03092065773359	0.0149678995208637	0.0451907652470808
ENSG00000143178	2.13141271268562	0.00362319102236581	0.00828801091907645	NA	NA	NA
ENSG00000143199	5.25224032128727	0.0115178543067883	0.0236607221077542	NA	NA	NA
ENSG00000143248	NA	NA	NA	-2.04846559171422	1.65071156129716e-35	7.23529534141897e-34
ENSG00000143631	5.51459219275294	0.00705568118508975	0.0151665546139509	NA	NA	NA
ENSG00000144045	NA	NA	NA	2.04399666896757	0.00226025660307715	0.00819185256040605
ENSG00000144452	2.50411838495983	9.89460417631408e-05	0.000296816039119386	NA	NA	NA
ENSG00000148483	2.82845755538951	0.00160294604864283	0.00392171708496467	NA	NA	NA
ENSG00000149292	NA	NA	NA	-2.02288889065991	1.34864398913115e-17	2.10969823184309e-16
ENSG00000149380	2.05424130021389	0.00508401674012	0.01127460412054	NA	NA	NA
ENSG00000151303	NA	NA	NA	-2.60721729096148	0.00276836011825591	0.00985412772030137
ENSG00000152583	NA	NA	NA	-2.2129894948348	0.00776220572726594	0.0249807582532829
ENSG00000152726	NA	NA	NA	-4.86023878713237	0.00101656975164821	0.00393973651670321
ENSG00000152926	-2.69532119563935	0.00248102667462241	0.00584443777042079	NA	NA	NA
ENSG00000153233	NA	NA	NA	2.07783078633854	1.62333158373248e-06	9.48456723020281e-06
ENSG00000153237	NA	NA	NA	2.30044242869065	0.0102436128954704	0.0320573600259478
ENSG00000153294	2.97112675350961	0.0121820604653612	0.024888219913954	NA	NA	NA
ENSG00000154027	2.0734642913046	0.0102253255633114	0.021246466604435	NA	NA	NA
ENSG00000154162	NA	NA	NA	-2.18440181613192	0.000463913179569248	0.00191723335479589
ENSG00000154240	-2.05861840024948	0.0192811429106098	0.037684595633462	NA	NA	NA
ENSG00000155621	3.74047426221585	3.4539424082795e-131	9.87607064358899e-129	NA	NA	NA
ENSG00000155849	5.53468039393808	0.00501584273452909	0.0111399620739277	NA	NA	NA
ENSG00000159208	NA	NA	NA	2.72279552648206	0.00611627387445616	0.0201271010583515
ENSG00000159648	NA	NA	NA	Inf	0.000888072727697736	0.00347609486166261
ENSG00000160460	3.02353034070912	0.0124367797931472	0.0253392789023811	NA	NA	NA
ENSG00000161791	NA	NA	NA	-2.01113752272419	1.60833834060467e-21	3.34444607124436e-20
ENSG00000162576	NA	NA	NA	-2.09091848829667	3.23262647036292e-05	0.000159871973713479
ENSG00000163040	3.44023656524083	0.0197688175217803	0.0385033534311891	NA	NA	NA
ENSG00000163141	2.35623782984943	0.000519705579565925	0.00138413065473374	NA	NA	NA
ENSG00000163354	-2.26710929522589	0.015795571377577	0.0315231190589927	NA	NA	NA
ENSG00000164188	-2.7255548699839	0.00322122887805065	0.00744199671516635	NA	NA	NA
ENSG00000164488	NA	NA	NA	2.04334431605784	0.000414773402267853	0.00172595767578101
ENSG00000164749	NA	NA	NA	-2.57597384606994	7.35434607843207e-09	5.65528215470487e-08
ENSG00000165730	-2.24405402343756	3.25281647499462e-07	1.34547862749932e-06	NA	NA	NA
ENSG00000165801	NA	NA	NA	-2.52725303593444	3.42341832600512e-24	8.40033954550147e-23
ENSG00000165819	-2.2712900457548	7.74419662757334e-72	7.17753506744539e-70	NA	NA	NA
ENSG00000166313	NA	NA	NA	-2.09469410855872	1.63586870015881e-08	1.21529441420239e-07
ENSG00000166501	2.02814192766658	0.020074762194558	0.0390200649598879	NA	NA	NA
ENSG00000166750	-2.00212083717752	7.21434864082375e-96	1.24299527415424e-93	NA	NA	NA
ENSG00000167525	NA	NA	NA	-2.15256268410908	0.00278434290702035	0.00990944138569222
ENSG00000168243	NA	NA	NA	-2.07035949870014	8.84155569959268e-14	1.04906653985507e-12
ENSG00000168477	2.57175144395959	5.71686802653524e-05	0.00017714777359605	NA	NA	NA
ENSG00000168785	2.65007623308183	0.00195600895352705	0.00470667937805729	NA	NA	NA
ENSG00000169919	-2.03657143411633	1.22874091871768e-117	2.79882189943167e-115	NA	NA	NA
ENSG00000170456	NA	NA	NA	-2.0579157785671	4.61078004240039e-226	1.7178229511303e-222
ENSG00000170899	NA	NA	NA	-2.02704573251858	3.72808031815608e-15	4.94291265907836e-14
ENSG00000171236	NA	NA	NA	Inf	0.00502800669028143	0.0169169267842491
ENSG00000171401	NA	NA	NA	4.26220048864637	0.00352070203171409	0.0122626633245461
ENSG00000171931	NA	NA	NA	2.38289005415153	0.00634014883871006	0.0208178153849184
ENSG00000172014	-3.07820430586167	0.00577990557341654	0.0126528996581112	NA	NA	NA
ENSG00000172058	22.652728211845	2.20222293610394e-06	8.26233222733133e-06	NA	NA	NA
ENSG00000172969	5.91251853314318	0.0014959918681145	0.00368689431791505	NA	NA	NA
ENSG00000173262	NA	NA	NA	2.49418616390732	0.00206934290441815	0.00755974690069672
ENSG00000173838	-2.60597224469758	0.000437380348066249	0.00118197355673885	NA	NA	NA
ENSG00000173852	NA	NA	NA	-2.01993785037934	2.04321558438519e-81	4.15218556121333e-79
ENSG00000173915	-2.06166865405354	1.16370721082125e-64	8.49948978599281e-63	NA	NA	NA
ENSG00000174104	NA	NA	NA	2.22183109058002	5.92524610815968e-05	0.000280145836509733
ENSG00000175084	4.33807824049132	0.0159120931628883	0.0317226850639454	NA	NA	NA
ENSG00000176082	NA	NA	NA	2.57984194669729	0.010938806955667	0.0339713935380633
ENSG00000176092	3.48337972283524	0.00128300068837047	0.0032096512008583	NA	NA	NA
ENSG00000176381	-2.49902750545917	0.0233947687935748	0.0446848063980744	NA	NA	NA
ENSG00000176912	NA	NA	NA	-2.00572579507814	3.39600022458377e-05	0.000167507036673313
ENSG00000176919	NA	NA	NA	2.27880613384284	0.00157120261655172	0.00587630304339921
ENSG00000177098	3.44438974693134	0.00526011266053561	0.0116267523100227	NA	NA	NA
ENSG00000178081	-2.16294819585645	0.0029533143140896	0.00686552345044976	NA	NA	NA
ENSG00000179029	-2.01464547526083	8.45075611232743e-27	1.4845713907656e-25	NA	NA	NA
ENSG00000180336	NA	NA	NA	2.43586453958483	3.09169100780728e-24	7.61980824570275e-23
ENSG00000180850	NA	NA	NA	-2.47350399410665	5.6560531564631e-05	0.000268710056991005
ENSG00000183023	NA	NA	NA	-Inf	0.0107192665461478	0.0333405432548474
ENSG00000183111	NA	NA	NA	-2.59886677658591	2.20101955686539e-23	5.10389949939511e-22
ENSG00000183359	NA	NA	NA	3.35984151874682	0.000159179628107428	0.000705732131438603
ENSG00000183691	NA	NA	NA	-2.13019728475585	0.00262063906503852	0.00937308250557938
ENSG00000184368	NA	NA	NA	2.56883556275612	0.00331117549825183	0.0115816017975155
ENSG00000184538	6.72473828739636	8.21997205180528e-05	0.000249589255319049	NA	NA	NA
ENSG00000184551	NA	NA	NA	2.2932270715484	0.00135260437177908	0.00511782635862384
ENSG00000185128	NA	NA	NA	-Inf	0.0152679240531349	0.0460220030048243
ENSG00000185666	NA	NA	NA	-Inf	0.00818579449536136	0.0262419690447881
ENSG00000185736	-2.08948554412675	1.14222970745291e-17	1.13538646734169e-16	NA	NA	NA
ENSG00000186611	NA	NA	NA	-2.34017878707662	7.63933949645083e-08	5.27881901402355e-07
ENSG00000187185	NA	NA	NA	3.13454434682848	0.00453374615809421	0.0154070175764728
ENSG00000187609	NA	NA	NA	-4.25540156501288	0.000182035773365972	0.000800398835134332
ENSG00000188014	NA	NA	NA	-2.07262038915556	8.43370804067013e-18	1.34566102456203e-16
ENSG00000188112	NA	NA	NA	3.08993741344093	0.00359592166511028	0.0125090620762333
ENSG00000188234	8.43559870872685	4.48274395868764e-08	2.02977075676561e-07	NA	NA	NA
ENSG00000188484	4.48476350450248	3.26146949345725e-23	4.76941115588378e-22	NA	NA	NA
ENSG00000188611	4.31437552091926	0.0184920043747753	0.0363165346766922	NA	NA	NA
ENSG00000188738	NA	NA	NA	-3.82962863581297	7.45351397795872e-08	5.15838549421948e-07
ENSG00000189321	NA	NA	NA	-2.40054171437179	1.79977854159738e-07	1.18156386252181e-06
ENSG00000196104	NA	NA	NA	-4.22599448696212	0.0103813334477662	0.032447473139173
ENSG00000196208	NA	NA	NA	2.987147461168	2.79972112375934e-33	1.10379128748706e-31
ENSG00000196292	-5.6190274539314	0.0211718228979532	0.0408981066444722	NA	NA	NA
ENSG00000196306	NA	NA	NA	-2.82198994486063	3.3614795185233e-36	1.52110350520384e-34
ENSG00000196549	3.01795558610576	9.4412077890435e-31	2.00760113096449e-29	NA	NA	NA
ENSG00000196581	NA	NA	NA	Inf	0.00862340391802169	0.0274910968601621
ENSG00000196604	3.8891342708707	0.00728119322365976	0.0156113522228404	NA	NA	NA
ENSG00000196763	NA	NA	NA	-2.61626966361835	0.000778525998430472	0.00308020710954244
ENSG00000196934	6.08214403400654	0.00114262577229225	0.00288425014159195	NA	NA	NA
ENSG00000197001	NA	NA	NA	-3.12909343080081	0.0149745107259351	0.0452046202251929
ENSG00000197813	NA	NA	NA	-2.28424792282484	2.26830813467237e-08	1.65705098177994e-07
ENSG00000198326	NA	NA	NA	Inf	0.00304331175877072	0.010750662303344
ENSG00000198610	NA	NA	NA	-7.02166578718288	1.90161613758972e-14	2.38678984501295e-13
ENSG00000198963	3.07028696240707	0.019852918456005	0.0386391558479727	NA	NA	NA
ENSG00000201643	NA	NA	NA	2.96405356221703	0.00995938319208353	0.0312509898758893
ENSG00000203827	NA	NA	NA	Inf	4.09325102749595e-11	3.92537681118166e-10
ENSG00000204054	NA	NA	NA	-2.28328600630108	4.53001102657884e-22	9.70890378601567e-21
ENSG00000204152	NA	NA	NA	Inf	4.44181371300052e-08	3.146143971496e-07
ENSG00000204362	NA	NA	NA	2.36305337631392	0.00116875308821268	0.00448289405180273
ENSG00000204661	NA	NA	NA	Inf	1.85730024620586e-05	9.50288159846321e-05
ENSG00000205152	NA	NA	NA	2.52663245822505	5.21895169283183e-14	6.34390680487018e-13
ENSG00000205182	NA	NA	NA	-2.84866176685624	0.000848036976465024	0.0033292972553388
ENSG00000205305	NA	NA	NA	5.38665336022838	0.000501149183666839	0.00205931780361921
ENSG00000205631	NA	NA	NA	-2.54726537144196	1.93854444502898e-26	5.48534462331364e-25
ENSG00000205751	NA	NA	NA	-3.85991398441102	0.00218132012550426	0.00793123456173102
ENSG00000206058	NA	NA	NA	-2.77226116861778	1.72672891475633e-10	1.56780252479541e-09
ENSG00000206129	NA	NA	NA	-2.16275729968327	0.000342870154483804	0.00144832188838453
ENSG00000206288	10.8697516813526	8.09064368297933e-06	2.83004061570951e-05	NA	NA	NA
ENSG00000206304	6.96317434842992	3.06381531666254e-05	9.91203997126334e-05	NA	NA	NA
ENSG00000206459	6.85133855003845	4.67883694090462e-05	0.00014722287438262	NA	NA	NA
ENSG00000206530	-2.0801968871404	3.00628165807397e-31	6.53744647295406e-30	NA	NA	NA
ENSG00000207727	2.62212836343648	0.0176081987650928	0.0347483969462676	NA	NA	NA
ENSG00000208037	2.71920384789077	0.0019877596284876	0.00477794699467804	NA	NA	NA
ENSG00000208766	NA	NA	NA	-2.39750302700951	0.0085983426549503	0.0274307623389124
ENSG00000212125	-2.03964661324664	0.0164829556311359	0.0327538726492436	NA	NA	NA
ENSG00000213482	NA	NA	NA	-5.47431045016731	2.08019733950472e-31	7.53658530426069e-30
ENSG00000213690	NA	NA	NA	-3.69771716391365	0.000584796540151353	0.00236950187756813
ENSG00000213709	NA	NA	NA	-2.16832748061699	1.52557126754343e-22	3.37649704105603e-21
ENSG00000213982	NA	NA	NA	2.08269509701469	0.00373340724155371	0.0129309862841171
ENSG00000213988	NA	NA	NA	-4.51373367221793	5.11512653241459e-09	4.01628164754464e-08
ENSG00000213999	NA	NA	NA	-2.0226939708263	6.12309849435402e-09	4.75428078300763e-08
ENSG00000214197	NA	NA	NA	Inf	0.00198218905685233	0.00725796137213381
ENSG00000214221	-2.54447204802705	3.90191983389597e-05	0.000124348827715741	NA	NA	NA
ENSG00000214447	-7.60129828984929	3.28837362333019e-06	1.20744407442444e-05	NA	NA	NA
ENSG00000214510	NA	NA	NA	-2.36993676666564	5.60329239338554e-170	8.35039987744936e-167
ENSG00000214627	NA	NA	NA	-Inf	0.000740551011236331	0.00294089133152904
ENSG00000214971	NA	NA	NA	-Inf	0.00297598233378716	0.0105294569625638
ENSG00000215019	NA	NA	NA	-2.37313420817774	4.43919472214647e-15	5.84071564560695e-14
ENSG00000215182	-5.6190274539314	0.0211718228979532	0.0408981066444722	NA	NA	NA
ENSG00000215186	NA	NA	NA	-3.76824114118607	0.00398221165355872	0.0137026761124959
ENSG00000215262	NA	NA	NA	-4.22975170358218	8.16723401294012e-08	5.61754920385426e-07
ENSG00000215304	-2.16294819585645	0.0029533143140896	0.00686552345044976	NA	NA	NA
ENSG00000215312	-2.16294819585645	0.0029533143140896	0.00686552345044976	NA	NA	NA
ENSG00000215386	NA	NA	NA	2.49799108649919	0.0106118917926077	0.033057166824408
ENSG00000215513	NA	NA	NA	-3.66048649333746	0.000397078421459681	0.00165849981937775
ENSG00000215585	NA	NA	NA	3.96957387997144	0.00466180039781991	0.0158085385456411
ENSG00000215871	NA	NA	NA	-2.48139962634478	5.58639258308607e-06	3.04284161311662e-05
ENSG00000215915	NA	NA	NA	-4.49433436302468	0.00511677651694632	0.0171665049166769
ENSG00000216679	NA	NA	NA	-Inf	1.25418028232327e-06	7.41103516549148e-06
ENSG00000216846	NA	NA	NA	2.0833324373864	7.47401528229472e-07	4.54005808751131e-06
ENSG00000216977	NA	NA	NA	6.66659354025218	4.59701860412245e-27	1.33978818613498e-25
ENSG00000217134	NA	NA	NA	-2.39605578774184	0.00482038908342825	0.0162919530648556
ENSG00000217297	NA	NA	NA	-4.53815072428633	0.00395744345690865	0.0136204297206676
ENSG00000217373	2.18695836235035	0.0141816467596122	0.0285352823480205	NA	NA	NA
ENSG00000217397	NA	NA	NA	-2.15658422776552	2.35717345656761e-18	3.90892102730804e-17
ENSG00000217608	NA	NA	NA	-2.05821362115998	0.00231839294251008	0.00838462317373733
ENSG00000217791	NA	NA	NA	-2.54137598457677	2.4294592476082e-10	2.18280273396438e-09
ENSG00000218133	NA	NA	NA	2.50881945878064	0.00136454256398303	0.00515688663994532
ENSG00000218745	NA	NA	NA	-Inf	3.09938121722271e-06	1.74517802845835e-05
ENSG00000218854	NA	NA	NA	-2.37668796422982	8.68621499145165e-11	8.08711578171221e-10
ENSG00000218921	NA	NA	NA	-4.17096010900718	3.41224198139424e-44	2.11881270144686e-42
ENSG00000218981	NA	NA	NA	-3.27643689095742	0.0138513342463401	0.0420925402042805
ENSG00000219149	NA	NA	NA	-Inf	3.51435666694445e-13	3.95767903943961e-12
ENSG00000219367	NA	NA	NA	2.52613768145973	0.0039825662835683	0.0137026761124959
ENSG00000219504	NA	NA	NA	-3.80438333307666	0.00272407426831066	0.00971350393903597
ENSG00000219561	NA	NA	NA	-Inf	0.00297598233378716	0.0105294569625638
ENSG00000219654	2.5584127781798	0.0228891065601295	0.0437936650144619	NA	NA	NA
ENSG00000219794	3.07343891696013	0.0032792379240059	0.00756389798520505	NA	NA	NA
ENSG00000219797	NA	NA	NA	-6.88036463518371	1.81083081455458e-52	1.50480713860792e-50
ENSG00000219891	NA	NA	NA	2.49140554638837	0.000625643215570045	0.00252162693650328
ENSG00000219916	NA	NA	NA	-3.3287240572664	3.32980434105784e-09	2.66027327519682e-08
ENSG00000220106	NA	NA	NA	Inf	0.000386617920534829	0.00161934738535424
ENSG00000220498	NA	NA	NA	-2.15668263175875	0.00340512319113193	0.0118767551590831
ENSG00000220517	NA	NA	NA	-2.40783353564852	1.2878022209734e-17	2.01876092900697e-16
ENSG00000220719	NA	NA	NA	-Inf	0.000740551011236331	0.00294089133152904
ENSG00000220911	11.1446978338392	3.49028718676407e-09	1.781464850092e-08	NA	NA	NA
ENSG00000221288	NA	NA	NA	2.43383966127948	0.0126519760667855	0.0388012447519444
ENSG00000221872	5.54292320394251	0.00491817811262905	0.0109483842397916	NA	NA	NA
ENSG00000221920	NA	NA	NA	Inf	0.00502800669028143	0.0169169267842491
ENSG00000222881	NA	NA	NA	-2.61482925827019	0.0016123976958092	0.0060132696183048
